<!DOCTYPE html>
<html>
  <head>
    <meta http-equiv="content-type" content="text/html; charset=UTF-8">
    <title>System monitor report of HadoopJoin</title>
    <style TYPE="text/css">
      .highcharts-tooltip>span {
	background: rgba(255,255,255,0.85);
	border: 1px solid silver;
	border-radius: 3px;
	box-shadow: 1px 1px 2px #888;
	padding: 8px;
	z-index: 2;
      }
    </style>
    <script type='text/javascript' src='https://ajax.aspnetcdn.com/ajax/jQuery/jquery-1.7.2.min.js'></script>
    <script src="http://code.highcharts.com/highcharts.js"></script>
    <script src="http://code.highcharts.com/modules/data.js"></script>
    <script src="http://code.highcharts.com/modules/heatmap.js"></script>
    <script src="http://code.highcharts.com/modules/exporting.js"></script>

    <script type='text/javascript'>
    Object.defineProperty(Number.prototype,'fileSize',{value:function(a,b,c,d){
	return (a=a?[1e3,'k','B']:[1024,'K','iB'],b=Math,c=b.log,
		d=c(this)/c(a[0])|0,this/b.pow(a[0],d)).toFixed(2)
	    +(d?(a[1]+'MGTPEZY')[--d]+a[2]:'Bytes');
    },writable:false,enumerable:false});

    function parse_events(){
	var data = document.getElementById("csv_events").innerHTML;
	var events=[];
	var csv_header = [];
	$.each(data.split('\n'), function(lineNo, line){
	    var items = line.split(',');
	    if (lineNo==0){
		$.each(items, function(itemNo, item){
		    csv_header.push(item);
		});
	    }else {
		value = [];
		$.each(items, function(itemNo, item){
		    if (itemNo == 0){ // 0 -> timestamp
			item = parseFloat(item);
		    }
//		    value[csv_header[itemNo]] = item;
		    value.push(item);
		});
		events.push({color: 'red',
			     dashStyle: 'longdashdot',
			     value: value[0],
			     label:{
				 useHTML: true,
				 text:value[1],
				 align:'left'
			     },
			     width: 2});
	    }
	});
	return events;
    }

function merge_options(obj1,obj2){
    var obj3 = {};
    for (var attrname in obj1) { obj3[attrname] = obj1[attrname]; }
    for (var attrname in obj2) { obj3[attrname] = obj2[attrname]; }
    return obj3;
}

function gen_overall_options(suffix, title, yAxis_desc, plot_options, plot_events, chart_type){
    var data = document.getElementById("csv_"+suffix).innerHTML;
    var csv_header = [];
	
    var series=[];
    var yaxis=0;
    $.each(data.split('\n'), function(lineNo, line){
	var items = line.split(',');
	if (lineNo==0){
	    $.each(items, function(itemNo, item){
		if (item[0]=='|'){ // new axis
		    item = item.substring(1);
		    yaxis +=1;
		}
		csv_header.push(item);
		series.push({name:item, yAxis: yaxis, data:[],
			     tooltip: yAxis_desc[yaxis].tooltip
			    })
	    });
	} else {
	    $.each(items, function(itemNo, item){
		if (itemNo>0){
		    series[itemNo].data.push([parseFloat(items[0]), parseFloat(item)])
		}
	    });
	}
    });
    series.splice(0,1);
    var options = {
	chart: merge_options({
	    renderTo: 'container_'+suffix,
	},
			     chart_type),
	title: {
	    text: title
	},
	// tooltip: {
	// 	pointFormat: '<span style="color:{series.color}">{series.name}</span>: <b>{point.percentage:.1f}%</b> ({point.y:,.0f})<br/>',
        // shared: true
        // },
	
	
	plotOptions: plot_options,
	
	xAxis: {
	    type: 'datetime',
	    tickmarkPlacement: 'on',
	    labels: {
                align: 'left',
                x: 5,
                format: '{value:%M:%S}'
	    },
	    plotLines: plot_events,
	    title: {
                enabled: false
	    }
	},
	yAxis: yAxis_desc,
	series: series
    };
    //	console.log(options.series)

    var newchart = new Highcharts.Chart(options);
}

function gen_heatmap_options(suffix, title, yAxis_desc, colorAxis_desc, series_desc){
    
    var data = document.getElementById("csv_"+suffix).innerHTML;
    var csv_header = [];
	
    var series=[];
    var yaxis=0;

    var options = {
	chart: {
	    renderTo: 'container_'+suffix,
	    type: 'heatmap',
	    margin: [60, 10, 80, 70]
	},
	title: {
	    text: title
	},
	tooltip: {
	    backgroundColor: null,
	    borderWidth: 0,
	    distance: 10,
	    shadow: false,
	    useHTML: true,
	    style: {
                padding: 0,
                color: 'black'
	    }
        },
	xAxis: {
	    type: 'datetime',
	    labels: {
                align: 'left',
                x: 5,
                format: '{value:%M:%S}'
	    },
	    showLastLabel: false,
	    tickLength: 16
	},
	yAxis: yAxis_desc,
	colorAxis: merge_options({
	    stops: [
                [0, '#3060cf'],
                [0.5, '#fffbbc'],
                [0.9, '#c4463a'],
                [1, '#c4463a']
	    ],
	    startOnTick: false,
	    endOnTick: false,
	    labels: {
                format: '{value}%'
	    }
	},
				 colorAxis_desc),
	series: [merge_options({
	    name : 'CPU usage',
	    borderWidth: 1,
	    nullColor: '#EFEFEF',
	    colsize: 5000.0, // 1s
	    tooltip: {
                headerFormat: 'CPU Usage<br/>',
                pointFormat: '{point.x%Y-%m-%d %H:%M:%S}<br/>{point.hostname}.{point.coreid}<br/><b>{point.value:%.2f} %</b>'
	    },
	    turboThreshold: Number.MAX_VALUE,
	    data: []
	}, series_desc)]
    };
    
    var data =  document.getElementById('csv_'+suffix).innerHTML;
    // Split the lines
    var lines = data.split('\n');
    var csv_header = [];
    var max_value = 0;
    var min_value = -1;
    $.each(lines, function(lineNo, line) {
	var items = line.split(',');
	    
	// header line containes categories
	if (lineNo == 0) {
	    $.each(items, function(itemNo, item){
		csv_header.push(item);
	    });
	} else { // the rest of the lines contain data with their name in the first position
	    var series_data = {};
	    $.each(items, function(itemNo, item) {
		var value;
		if (itemNo <= 2) {
		    value = parseFloat(item);
		    if (itemNo == 2){
			if (max_value< value) max_value = value;		
			if ((min_value<0) || ( min_value>value)) min_value = value;
		    }
		} else {
		    value = item;
		}
		series_data[csv_header[itemNo]] = value;
	    });
	    options.series[0].data.push(series_data);
	}
    }  );
    if (!("max" in colorAxis_desc)){
	options.colorAxis.max = max_value;
    }
    if (!("min" in colorAxis_desc)){
	options.colorAxis,min = min_value;
    }


    var newchart = new Highcharts.Chart(options);
}

    $(function() {

	/**
	 * This plugin extends Highcharts in two ways:
	 * - Use HTML5 canvas instead of SVG for rendering of the heatmap squares. Canvas
	 *   outperforms SVG when it comes to thousands of single shapes.
	 * - Add a K-D-tree to find the nearest point on mouse move. Since we no longer have SVG shapes
	 *   to capture mouseovers, we need another way of detecting hover points for the tooltip.
	 */
	(function (H) {
            var wrap = H.wrap,
            seriesTypes = H.seriesTypes;
	    
            /**
             * Get the canvas context for a series
             */
            H.Series.prototype.getContext = function () {
		var canvas;
		if (!this.ctx) {
                    canvas = document.createElement('canvas');
                    canvas.setAttribute('width', this.chart.plotWidth);
                    canvas.setAttribute('height', this.chart.plotHeight);
                    canvas.style.position = 'absolute';
                    canvas.style.left = this.group.translateX + 'px';
                    canvas.style.top = this.group.translateY + 'px';
                    canvas.style.zIndex = 0;
                    canvas.style.cursor = 'crosshair';
                    this.chart.container.appendChild(canvas);
                    if (canvas.getContext) {
			this.ctx = canvas.getContext('2d');
                    }
		}
		return this.ctx;
            }

            /**
             * Wrap the drawPoints method to draw the points in canvas instead of the slower SVG,
             * that requires one shape each point.
             */
            H.wrap(H.seriesTypes.heatmap.prototype, 'drawPoints', function (proceed) {
		
		var ctx;
		if (this.chart.renderer.forExport) {
                    // Run SVG shapes
                    proceed.call(this);
		    
		} else {
		    
                    if (ctx = this.getContext()) {
			
			// draw the columns
			H.each(this.points, function (point) {
                            var plotY = point.plotY,
                            shapeArgs;
			    
                            if (plotY !== undefined && !isNaN(plotY) && point.y !== null) {
				shapeArgs = point.shapeArgs;
				pointAttr = (point.pointAttr && point.pointAttr['']) || point.series.pointAttribs(point);
				
				ctx.fillStyle = pointAttr.fill;
				ctx.fillRect(shapeArgs.x, shapeArgs.y, shapeArgs.width, shapeArgs.height);
                            }
			});
			
                    } else {
			this.chart.showLoading("Your browser doesn't support HTML5 canvas, <br>please use a modern browser");
			
			// Uncomment this to provide low-level (slow) support in oldIE. It will cause script errors on
			// charts with more than a few thousand points.
			//proceed.call(this);
                    }
		}
            });
	}(Highcharts));


//	var chart_cpu_heatmap = new Highcharts.Chart(options);
	var events = parse_events();

	// generate heatmaps
	// generate cpu heatmap
	gen_heatmap_options("cpu_heatmap", "CPU usage heatmap", 
			    {
				title: {
				    text: null
				},
				labels: {
				    formatter: function(){
					return 'Core-'+this.value;
				    }
				},
				minPadding: 0,
				maxPadding: 0,
				startOnTick: false,
				endOnTick: false,
				tickWidth: 1,
				min: 0,
			    },
			    {min:0, max:100, labels:{format:'{value}%'}},
			    {name : 'CPU Usage',
			     tooltip:{
				 headerFormat: 'CPU Usage<br/>',
				 pointFormat: '{point.x:%Y-%m-%d %H:%M:%S}<br/>{point.hostname}.{point.coreid}<br/><b>{point.value:%.2f} %</b>'
			     }});

	// generate network throughputs heatmap
	gen_heatmap_options("network_heatmap", "Network throughputs heatmap", 
			    {
				title: {
				    text: null
				},
				labels: {
				    formatter: function(){
					return  'Eth-'+this.value;
				    }
				},
				minPadding: 0,
				maxPadding: 0,
				startOnTick: false,
				endOnTick: false,
				tickWidth: 1,
				min: 0,
			    },
			    {labels:{format:'{value}'}},
			    {name : 'Network throughputs',
			     tooltip:{
				 headerFormat: 'Network throughputs<br/>',
				 pointFormatter: function () {
				     return Highcharts.dateFormat("%Y-%m-%d %H:%M:%S",this.x)+'<br/>'+this.hostname+"."+this.adapterid+'<br/><b>'+this.value.fileSize()+'</b>';}
			     }}
			    );

	// generate disk io throughputs heatmap
	gen_heatmap_options("diskio_heatmap", "Disk throughputs heatmap", 
			    {
				title: {
				    text: null
				},
				labels: {
				    formatter: function (){
					return 'Disk-'+this.value;
				    }
				},
				minPadding: 0,
				maxPadding: 0,
				startOnTick: false,
				endOnTick: false,
				tickWidth: 1,
				min: 0,
			    },
			    {labels:{format: '{value}'}},
			    {name : 'DiskIO throughputs',
			     tooltip:{
				 headerFormat: 'DiskIO throughputs<br/>',
				 pointFormatter: function () {
				     return Highcharts.dateFormat("%Y-%m-%d %H:%M:%S",this.x)+'<br/>'+this.hostname+"."+this.diskid+'<br/><b>'+this.value.fileSize()+'</b>';}
			     }});

	// generate memory usage heatmap
	gen_heatmap_options("memory_heatmap", "Memory usage heatmap", 
			    {
				title: {
				    text: null
				},
				labels: {
				    formatter: function () {
					return 'Node-'+this.value;
				    }
				},
				minPadding: 0,
				maxPadding: 0,
				startOnTick: false,
				endOnTick: false,
				tickWidth: 1,
				min: 0,
			    },
			    {labels:{formatter: function (){ return this.value.fileSize();}}},
			    {name : 'Memory Usage',
			     tooltip:{
				 headerFormat: 'Memory Usage<br/>',
				 pointFormatter: function () {
				     return Highcharts.dateFormat("%Y-%m-%d %H:%M:%S",this.x)+'<br/>'+this.hostname+'<br/><b>'+this.value.fileSize()+'</b>';}
			     }});

	// generate proc numbers heatmap
	gen_heatmap_options("procload_heatmap", "Process numbers heatmap", 
			    {
				title: {
				    text: null
				},
				labels: {
				    formatter: function () {
					return  'Node-'+ this.value;
				    }
				},
				minPadding: 0,
				maxPadding: 0,
				startOnTick: false,
				endOnTick: false,
				tickWidth: 1,
				min: 0,
			    },
			    {labels:{format:'{value}'}},
			    {name : 'Process(/Thread) numbers',
			     tooltip:{
				 headerFormat: 'Process numbers<br/>',
				 pointFormatter: function () {
				     return Highcharts.dateFormat("%Y-%m-%d %H:%M:%S",this.x)+'<br/>'+this.hostname+'<br/><b>'+this.value+'</b>';}
			     }}
			   );
	

	// load cpu overall
	gen_overall_options("cpu_overall", "Summarized CPU usage",
			    [{	// yaxis
				title: {
				    text: 'Percent'
				},
				tooltip: {
				    pointFormat: '<span style="color:{series.color}">{series.name}</span>: <b>{point.percentage:.1f}%</b>)<br/>',
				},
			    }], 
			    {	// plot options
				area: {
				    stacking: 'percent',
				    lineColor: '#ffffff',
				    lineWidth: 1,
				    marker: {
					lineWidth: 1,
					lineColor: '#ffffff'
				    }
				}
			    },
			    events,
			    {	// chart type
			    	type: 'area',
			    }
			   );

	// load network overall
	gen_overall_options("network_overall", "Summarized Network throughputs & Packet-per-seconds", 
			    [	// yaxis
				{
				    title:{
					text: "Throughput Per Second"
				    },
				    tooltip: {
					pointFormatter: function () {
					    return '<span style="color:'+this.series.color+'">'+this.series.name+'</span>: <b>' + this.y.fileSize()+'</b>)<br/>';
					}
				    },
				    labels: {
					formatter: function() {
					    return this.value.fileSize();
					    }
					}
				},
				{
				    title:{
					text: "Packets Per Second"
				    },
				    tooltip: {
					pointFormat: '<span style="color:{series.color}">{series.name}</span>: <b>{point.y:.0f} packets</b>)<br/>',
				    },
				    opposite: true,
				    reversed: true
				},
			    ],
			    {},	// plot options
			    events,
			    {	// chart type
			    	type: 'area',
			    }
			   );

	// load diskio overall
	gen_overall_options("diskio_overall", "Summarized Disk throughputs & IOPS",
			    [	// yaxis
				{
				    title:{
					text: "Throughput Per Second"
				    },
				    tooltip: {
					pointFormatter: function () {
					    return '<span style="color:'+this.series.color +'">'+this.series.name+'</span>: <b>' + this.y.fileSize()+'</b>)<br/>';
					},
				    },
				    labels: {
					formatter: function() {
					    return this.value.fileSize();
					}
				    }
				},
				{
				    title:{
					text: "Operations Per Second"
				    },
				    tooltip: {
					pointFormat: '<span style="color:{series.color}">{series.name}</span>: <b>{point.y:.0f} IO</b>)<br/>',
				    },
				    opposite: true,
				    reversed: true
				}
			    ],
			    {},	// plot operations
			    events,
			    {	// chart type
			    	type: 'area',
			    }
			   );

	// load memory overall
	gen_overall_options("memory_overall", "Summarized Memory usage",
			    [{	// yaxis
				title: {
				    text: 'Percent'
				},
				tooltip: {
				    pointFormatter: function () {
					return '<span style="color:'+this.series.color+'">'+this.series.name+'</span>: <b>' + (this.y*1024).fileSize()+'</b>)<br/>';
				    }
				},
			    }], 
			    {	// plot options
				area: {
				    stacking: 'percent',
				    lineColor: '#ffffff',
				    lineWidth: 1,
				    marker: {
					lineWidth: 1,
					lineColor: '#ffffff'
				    }
				}
			    },
			    events,
			    {	// chart type
			    	type: 'area',
			    }
			   );

	// load procload overall
	gen_overall_options("procload_overall", "Summarized system load",
			    [{	// yaxis for loads
				title: {
				    text: 'load'
				},
				tooltip: {
				    pointFormat: '<span style="color:{series.color}">{series.name}</span>: <b>{point.y:0.2f}</b>)<br/>',
				},
			    },
			     {	// yaxis for running & total process
				 title: {
				     text: 'process number'
				 },
				 tooltip: {
				     pointFormat: '<span style="color:{series.color}">{series.name}</span>: <b>{point.y:.0f}</b>)<br/>',
				 },
				 opposite: true,
			    }], 
			    {	// plot options
			    },
			    events,
			     {	// chart type
			    }
			   );
    });
</script>
</head>
<body>
    <h1>Workload: HadoopJoin</h1>
    
    <div id="container_cpu_heatmap" style="height: 800px; max-width: 1000px; margin: 0 auto"></div>
    <div id="container_cpu_overall" style="height: 400px; max-width: 1000px; margin: 0 auto"></div>
    
    <div id="container_network_heatmap" style="height: 800px; max-width: 1000px; margin: 0 auto"></div>
    <div id="container_network_overall" style="height: 400px; max-width: 1000px; margin: 0 auto"></div>

    <div id="container_diskio_heatmap" style="height: 800px; max-width: 1000px; margin: 0 auto"></div>
    <div id="container_diskio_overall" style="height: 400px; max-width: 1000px; margin: 0 auto"></div>
    
    <div id="container_memory_heatmap" style="height: 400px; max-width: 1000px; margin: 0 auto"></div>
    <div id="container_memory_overall" style="height: 400px; max-width: 1000px; margin: 0 auto"></div>

    <div id="container_procload_heatmap" style="height: 400px; max-width: 1000px; margin: 0 auto"></div>
    <div id="container_procload_overall" style="height: 400px; max-width: 1000px; margin: 0 auto"></div>

    <pre id="csv_cpu_heatmap" style="display: none">x,y,value,hostname,coreid
1546771440000,0,0.40404040404,hadoop2,cpu0
1546771440000,1,1.0060362173,hadoop3,cpu0
1546771445000,0,0.603621730382,hadoop2,cpu0
1546771445000,1,0.604838709677,hadoop3,cpu0
1546771450000,0,1.0101010101,hadoop2,cpu0
1546771450000,1,0.806451612903,hadoop3,cpu0
1546771455000,0,0.607287449393,hadoop2,cpu0
1546771455000,1,1.20967741935,hadoop3,cpu0
1546771460000,0,1.0060362173,hadoop2,cpu0
1546771460000,1,1.00806451613,hadoop3,cpu0
1546771465000,0,4.25963488844,hadoop2,cpu0
1546771465000,1,4.87804878049,hadoop3,cpu0
1546771470000,0,8.51926977688,hadoop2,cpu0
1546771470000,1,62.7291242363,hadoop3,cpu0
1546771475000,0,57.433808554,hadoop2,cpu0
1546771475000,1,99.7995991984,hadoop3,cpu0
1546771480000,0,3.43434343434,hadoop2,cpu0
1546771480000,1,100.0,hadoop3,cpu0
1546771485000,0,65.5870445344,hadoop2,cpu0
1546771485000,1,84.9593495935,hadoop3,cpu0
1546771490000,0,100.0,hadoop2,cpu0
1546771490000,1,100.0,hadoop3,cpu0
1546771495000,0,100.0,hadoop2,cpu0
1546771495000,1,100.0,hadoop3,cpu0
1546771500000,0,100.0,hadoop2,cpu0
1546771500000,1,100.0,hadoop3,cpu0
1546771505000,0,100.0,hadoop2,cpu0
1546771505000,1,100.0,hadoop3,cpu0
1546771510000,0,100.0,hadoop2,cpu0
1546771510000,1,100.0,hadoop3,cpu0
1546771515000,0,100.0,hadoop2,cpu0
1546771515000,1,100.0,hadoop3,cpu0
1546771520000,0,100.0,hadoop2,cpu0
1546771520000,1,100.0,hadoop3,cpu0
1546771525000,0,100.0,hadoop2,cpu0
1546771530000,0,100.0,hadoop2,cpu0
1546771530000,1,100.0,hadoop3,cpu0
1546771535000,0,100.0,hadoop2,cpu0
1546771535000,1,100.0,hadoop3,cpu0
1546771540000,1,100.0,hadoop3,cpu0
1546771545000,0,100.0,hadoop2,cpu0
1546771545000,1,100.0,hadoop3,cpu0
1546771550000,0,100.0,hadoop2,cpu0
1546771550000,1,100.0,hadoop3,cpu0
1546771555000,0,100.0,hadoop2,cpu0
1546771555000,1,100.0,hadoop3,cpu0
1546771560000,0,100.0,hadoop2,cpu0
1546771560000,1,100.0,hadoop3,cpu0
1546771565000,0,100.0,hadoop2,cpu0
1546771565000,1,100.0,hadoop3,cpu0
1546771570000,0,100.0,hadoop2,cpu0
1546771570000,1,100.0,hadoop3,cpu0
1546771575000,0,100.0,hadoop2,cpu0
1546771575000,1,100.0,hadoop3,cpu0
1546771580000,0,100.0,hadoop2,cpu0
1546771580000,1,100.0,hadoop3,cpu0
1546771585000,0,100.0,hadoop2,cpu0
1546771585000,1,100.0,hadoop3,cpu0
1546771590000,0,100.0,hadoop2,cpu0
1546771590000,1,100.0,hadoop3,cpu0
1546771595000,0,100.0,hadoop2,cpu0
1546771595000,1,100.0,hadoop3,cpu0
1546771600000,0,100.0,hadoop2,cpu0
1546771600000,1,100.0,hadoop3,cpu0
1546771605000,0,100.0,hadoop2,cpu0
1546771605000,1,100.0,hadoop3,cpu0
1546771610000,0,100.0,hadoop2,cpu0
1546771610000,1,100.0,hadoop3,cpu0
1546771615000,0,100.0,hadoop2,cpu0
1546771615000,1,100.0,hadoop3,cpu0
1546771620000,0,100.0,hadoop2,cpu0
1546771620000,1,100.0,hadoop3,cpu0
1546771625000,0,100.0,hadoop2,cpu0
1546771625000,1,100.0,hadoop3,cpu0
1546771630000,0,100.0,hadoop2,cpu0
1546771630000,1,100.0,hadoop3,cpu0
1546771635000,0,100.0,hadoop2,cpu0
1546771635000,1,100.0,hadoop3,cpu0
1546771640000,0,100.0,hadoop2,cpu0
1546771640000,1,100.0,hadoop3,cpu0
1546771645000,0,100.0,hadoop2,cpu0
1546771645000,1,100.0,hadoop3,cpu0
1546771650000,0,100.0,hadoop2,cpu0
1546771650000,1,100.0,hadoop3,cpu0
1546771655000,0,100.0,hadoop2,cpu0
1546771655000,1,100.0,hadoop3,cpu0
1546771660000,0,100.0,hadoop2,cpu0
1546771660000,1,100.0,hadoop3,cpu0
1546771665000,0,100.0,hadoop2,cpu0
1546771665000,1,100.0,hadoop3,cpu0
1546771670000,0,100.0,hadoop2,cpu0
1546771670000,1,100.0,hadoop3,cpu0
1546771675000,0,100.0,hadoop2,cpu0
1546771675000,1,100.0,hadoop3,cpu0
1546771680000,0,100.0,hadoop2,cpu0
1546771685000,0,100.0,hadoop2,cpu0
1546771685000,1,100.0,hadoop3,cpu0
1546771690000,0,100.0,hadoop2,cpu0
1546771690000,1,100.0,hadoop3,cpu0
1546771695000,0,100.0,hadoop2,cpu0
1546771695000,1,100.0,hadoop3,cpu0
1546771700000,0,100.0,hadoop2,cpu0
1546771700000,1,100.0,hadoop3,cpu0
1546771705000,0,100.0,hadoop2,cpu0
1546771705000,1,100.0,hadoop3,cpu0
1546771710000,0,100.0,hadoop2,cpu0
1546771710000,1,100.0,hadoop3,cpu0
1546771715000,0,100.0,hadoop2,cpu0
1546771715000,1,100.0,hadoop3,cpu0
1546771720000,0,100.0,hadoop2,cpu0
1546771720000,1,100.0,hadoop3,cpu0
1546771725000,0,100.0,hadoop2,cpu0
1546771725000,1,100.0,hadoop3,cpu0
1546771730000,0,100.0,hadoop2,cpu0
1546771730000,1,100.0,hadoop3,cpu0
1546771735000,0,100.0,hadoop2,cpu0
1546771735000,1,100.0,hadoop3,cpu0
1546771740000,0,100.0,hadoop2,cpu0
1546771740000,1,100.0,hadoop3,cpu0
1546771745000,0,100.0,hadoop2,cpu0
1546771745000,1,100.0,hadoop3,cpu0
1546771750000,0,100.0,hadoop2,cpu0
1546771750000,1,100.0,hadoop3,cpu0
1546771755000,0,100.0,hadoop2,cpu0
1546771755000,1,100.0,hadoop3,cpu0
1546771760000,0,100.0,hadoop2,cpu0
1546771760000,1,100.0,hadoop3,cpu0
1546771765000,0,100.0,hadoop2,cpu0
1546771765000,1,100.0,hadoop3,cpu0
1546771770000,0,100.0,hadoop2,cpu0
1546771770000,1,100.0,hadoop3,cpu0
1546771775000,0,100.0,hadoop2,cpu0
1546771775000,1,100.0,hadoop3,cpu0
1546771780000,0,100.0,hadoop2,cpu0
1546771780000,1,99.8003992016,hadoop3,cpu0
1546771785000,0,100.0,hadoop2,cpu0
1546771785000,1,100.0,hadoop3,cpu0
1546771790000,0,100.0,hadoop2,cpu0
1546771790000,1,100.0,hadoop3,cpu0
1546771795000,0,100.0,hadoop2,cpu0
1546771795000,1,100.0,hadoop3,cpu0
1546771800000,0,100.0,hadoop2,cpu0
1546771800000,1,100.0,hadoop3,cpu0
1546771805000,0,100.0,hadoop2,cpu0
1546771805000,1,100.0,hadoop3,cpu0
1546771810000,0,100.0,hadoop2,cpu0
1546771810000,1,100.0,hadoop3,cpu0
1546771815000,0,100.0,hadoop2,cpu0
1546771815000,1,100.0,hadoop3,cpu0
1546771820000,0,100.0,hadoop2,cpu0
1546771820000,1,86.150712831,hadoop3,cpu0
1546771825000,1,100.0,hadoop3,cpu0
1546771830000,0,100.0,hadoop2,cpu0
1546771830000,1,100.0,hadoop3,cpu0
1546771835000,0,100.0,hadoop2,cpu0
1546771835000,1,100.0,hadoop3,cpu0
1546771840000,0,100.0,hadoop2,cpu0
1546771840000,1,84.7389558233,hadoop3,cpu0
1546771845000,0,100.0,hadoop2,cpu0
1546771845000,1,100.0,hadoop3,cpu0
1546771850000,0,100.0,hadoop2,cpu0
1546771850000,1,100.0,hadoop3,cpu0
1546771855000,0,100.0,hadoop2,cpu0
1546771855000,1,67.4796747967,hadoop3,cpu0
1546771860000,0,100.0,hadoop2,cpu0
1546771860000,1,20.8163265306,hadoop3,cpu0
1546771865000,0,100.0,hadoop2,cpu0
1546771865000,1,41.3580246914,hadoop3,cpu0
1546771870000,0,100.0,hadoop2,cpu0
1546771870000,1,16.8724279835,hadoop3,cpu0
1546771875000,0,100.0,hadoop2,cpu0
1546771875000,1,29.7959183673,hadoop3,cpu0
1546771880000,0,100.0,hadoop2,cpu0
1546771880000,1,22.3819301848,hadoop3,cpu0
1546771885000,0,100.0,hadoop2,cpu0
1546771885000,1,18.9300411523,hadoop3,cpu0
1546771890000,0,100.0,hadoop2,cpu0
1546771890000,1,31.1340206186,hadoop3,cpu0
1546771895000,0,100.0,hadoop2,cpu0
1546771895000,1,13.8144329897,hadoop3,cpu0
1546771900000,0,100.0,hadoop2,cpu0
1546771900000,1,18.1632653061,hadoop3,cpu0
1546771905000,0,100.0,hadoop2,cpu0
1546771905000,1,75.1527494908,hadoop3,cpu0
1546771910000,0,100.0,hadoop2,cpu0
1546771910000,1,100.0,hadoop3,cpu0
1546771915000,1,98.5655737705,hadoop3,cpu0
1546771920000,0,100.0,hadoop2,cpu0
1546771920000,1,15.3374233129,hadoop3,cpu0
1546771925000,0,100.0,hadoop2,cpu0
1546771925000,1,22.2448979592,hadoop3,cpu0
1546771930000,0,100.0,hadoop2,cpu0
1546771930000,1,21.3552361396,hadoop3,cpu0
1546771935000,0,100.0,hadoop2,cpu0
1546771935000,1,75.7142857143,hadoop3,cpu0
1546771940000,0,100.0,hadoop2,cpu0
1546771940000,1,100.0,hadoop3,cpu0
1546771945000,0,100.0,hadoop2,cpu0
1546771945000,1,100.0,hadoop3,cpu0
1546771950000,0,100.0,hadoop2,cpu0
1546771950000,1,100.0,hadoop3,cpu0
1546771955000,0,100.0,hadoop2,cpu0
1546771955000,1,80.163599182,hadoop3,cpu0
1546771960000,0,100.0,hadoop2,cpu0
1546771960000,1,12.8834355828,hadoop3,cpu0
1546771965000,0,100.0,hadoop2,cpu0
1546771965000,1,14.693877551,hadoop3,cpu0
1546771970000,0,100.0,hadoop2,cpu0
1546771970000,1,9.57230142566,hadoop3,cpu0
1546771975000,0,100.0,hadoop2,cpu0
1546771975000,1,31.6221765914,hadoop3,cpu0
1546771980000,0,100.0,hadoop2,cpu0
1546771980000,1,12.962962963,hadoop3,cpu0
1546771985000,0,100.0,hadoop2,cpu0
1546771985000,1,13.3744855967,hadoop3,cpu0
1546771990000,0,100.0,hadoop2,cpu0
1546771990000,1,15.306122449,hadoop3,cpu0
1546771995000,1,13.3470225873,hadoop3,cpu0
1546772000000,0,100.0,hadoop2,cpu0
1546772000000,1,44.3298969072,hadoop3,cpu0
1546772005000,0,100.0,hadoop2,cpu0
1546772005000,1,21.472392638,hadoop3,cpu0
1546772010000,0,100.0,hadoop2,cpu0
1546772010000,1,12.4489795918,hadoop3,cpu0
1546772015000,0,100.0,hadoop2,cpu0
1546772015000,1,19.175257732,hadoop3,cpu0
1546772020000,0,100.0,hadoop2,cpu0
1546772020000,1,10.3869653768,hadoop3,cpu0
1546772025000,0,100.0,hadoop2,cpu0
1546772025000,1,18.4804928131,hadoop3,cpu0
1546772030000,0,100.0,hadoop2,cpu0
1546772030000,1,28.8343558282,hadoop3,cpu0
1546772035000,0,100.0,hadoop2,cpu0
1546772035000,1,100.0,hadoop3,cpu0
1546772040000,0,100.0,hadoop2,cpu0
1546772040000,1,100.0,hadoop3,cpu0
1546772045000,0,100.0,hadoop2,cpu0
1546772045000,1,100.0,hadoop3,cpu0
1546772050000,0,100.0,hadoop2,cpu0
1546772050000,1,100.0,hadoop3,cpu0
1546772055000,0,100.0,hadoop2,cpu0
1546772055000,1,86.9387755102,hadoop3,cpu0
1546772060000,0,100.0,hadoop2,cpu0
1546772060000,1,100.0,hadoop3,cpu0
1546772065000,0,100.0,hadoop2,cpu0
1546772065000,1,100.0,hadoop3,cpu0
1546772070000,0,100.0,hadoop2,cpu0
1546772070000,1,16.3599182004,hadoop3,cpu0
1546772075000,0,100.0,hadoop2,cpu0
1546772075000,1,12.2699386503,hadoop3,cpu0
1546772080000,0,100.0,hadoop2,cpu0
1546772080000,1,12.7049180328,hadoop3,cpu0
1546772085000,0,100.0,hadoop2,cpu0
1546772085000,1,19.427402863,hadoop3,cpu0
1546772090000,0,100.0,hadoop2,cpu0
1546772090000,1,15.8110882957,hadoop3,cpu0
1546772095000,0,100.0,hadoop2,cpu0
1546772095000,1,14.0206185567,hadoop3,cpu0
1546772100000,0,100.0,hadoop2,cpu0
1546772100000,1,89.4,hadoop3,cpu0
1546772105000,0,100.0,hadoop2,cpu0
1546772105000,1,100.0,hadoop3,cpu0
1546772110000,0,100.0,hadoop2,cpu0
1546772110000,1,100.0,hadoop3,cpu0
1546772115000,0,100.0,hadoop2,cpu0
1546772115000,1,100.0,hadoop3,cpu0
1546772120000,0,100.0,hadoop2,cpu0
1546772120000,1,100.0,hadoop3,cpu0
1546772125000,0,100.0,hadoop2,cpu0
1546772125000,1,100.0,hadoop3,cpu0
1546772130000,0,100.0,hadoop2,cpu0
1546772130000,1,100.0,hadoop3,cpu0
1546772135000,0,100.0,hadoop2,cpu0
1546772135000,1,100.0,hadoop3,cpu0
1546772140000,0,100.0,hadoop2,cpu0
1546772140000,1,100.0,hadoop3,cpu0
1546772145000,0,100.0,hadoop2,cpu0
1546772145000,1,100.0,hadoop3,cpu0
1546772150000,0,100.0,hadoop2,cpu0
1546772150000,1,100.0,hadoop3,cpu0
1546772155000,0,100.0,hadoop2,cpu0
1546772155000,1,100.0,hadoop3,cpu0
1546772160000,0,100.0,hadoop2,cpu0
1546772160000,1,100.0,hadoop3,cpu0
1546772165000,0,100.0,hadoop2,cpu0
1546772165000,1,100.0,hadoop3,cpu0
1546772170000,0,100.0,hadoop2,cpu0
1546772170000,1,100.0,hadoop3,cpu0
1546772175000,0,100.0,hadoop2,cpu0
1546772175000,1,100.0,hadoop3,cpu0
1546772180000,0,100.0,hadoop2,cpu0
1546772180000,1,100.0,hadoop3,cpu0
1546772185000,0,100.0,hadoop2,cpu0
1546772185000,1,100.0,hadoop3,cpu0
1546772190000,0,100.0,hadoop2,cpu0
1546772190000,1,100.0,hadoop3,cpu0
1546772195000,0,100.0,hadoop2,cpu0
1546772195000,1,100.0,hadoop3,cpu0
1546772200000,0,9.47580645161,hadoop2,cpu0
1546772200000,1,75.7637474542,hadoop3,cpu0
1546772205000,0,92.8425357873,hadoop2,cpu0
1546772205000,1,79.7959183673,hadoop3,cpu0
1546772210000,0,100.0,hadoop2,cpu0
1546772210000,1,100.0,hadoop3,cpu0
1546772215000,0,100.0,hadoop2,cpu0
1546772215000,1,24.7464503043,hadoop3,cpu0
1546772220000,0,100.0,hadoop2,cpu0
1546772220000,1,2.0325203252,hadoop3,cpu0
1546772225000,0,82.6347305389,hadoop2,cpu0
1546772225000,1,14.4869215292,hadoop3,cpu0
1546772230000,0,100.0,hadoop2,cpu0
1546772230000,1,99.794661191,hadoop3,cpu0
1546772235000,0,100.0,hadoop2,cpu0
1546772235000,1,100.0,hadoop3,cpu0
1546772240000,0,100.0,hadoop2,cpu0
1546772240000,1,100.0,hadoop3,cpu0
1546772245000,0,100.0,hadoop2,cpu0
1546772245000,1,100.0,hadoop3,cpu0
1546772250000,0,100.0,hadoop2,cpu0
1546772250000,1,100.0,hadoop3,cpu0
1546772255000,0,100.0,hadoop2,cpu0
1546772255000,1,100.0,hadoop3,cpu0
1546772260000,0,100.0,hadoop2,cpu0
1546772260000,1,100.0,hadoop3,cpu0
1546772265000,0,100.0,hadoop2,cpu0
1546772265000,1,100.0,hadoop3,cpu0
1546772270000,0,100.0,hadoop2,cpu0
1546772270000,1,100.0,hadoop3,cpu0
1546772275000,0,100.0,hadoop2,cpu0
1546772275000,1,100.0,hadoop3,cpu0
1546772280000,0,100.0,hadoop2,cpu0
1546772280000,1,100.0,hadoop3,cpu0
1546772285000,0,100.0,hadoop2,cpu0
1546772285000,1,100.0,hadoop3,cpu0
1546772290000,0,100.0,hadoop2,cpu0
1546772290000,1,100.0,hadoop3,cpu0
1546772295000,0,100.0,hadoop2,cpu0
1546772295000,1,100.0,hadoop3,cpu0
1546772300000,0,100.0,hadoop2,cpu0
1546772300000,1,100.0,hadoop3,cpu0
1546772305000,0,100.0,hadoop2,cpu0
1546772305000,1,100.0,hadoop3,cpu0
1546772310000,0,100.0,hadoop2,cpu0
1546772310000,1,100.0,hadoop3,cpu0
1546772315000,0,100.0,hadoop2,cpu0
1546772315000,1,100.0,hadoop3,cpu0
1546772320000,0,100.0,hadoop2,cpu0
1546772320000,1,100.0,hadoop3,cpu0
1546772325000,0,100.0,hadoop2,cpu0
1546772325000,1,100.0,hadoop3,cpu0
1546772330000,0,100.0,hadoop2,cpu0
1546772330000,1,100.0,hadoop3,cpu0
1546772335000,0,100.0,hadoop2,cpu0
1546772335000,1,100.0,hadoop3,cpu0
1546772340000,0,100.0,hadoop2,cpu0
1546772340000,1,100.0,hadoop3,cpu0
1546772345000,0,100.0,hadoop2,cpu0
1546772345000,1,100.0,hadoop3,cpu0
1546772350000,0,100.0,hadoop2,cpu0
1546772350000,1,100.0,hadoop3,cpu0
1546772355000,0,100.0,hadoop2,cpu0
1546772355000,1,100.0,hadoop3,cpu0
1546772360000,0,100.0,hadoop2,cpu0
1546772360000,1,100.0,hadoop3,cpu0
1546772365000,0,100.0,hadoop2,cpu0
1546772365000,1,100.0,hadoop3,cpu0
1546772370000,0,72.745490982,hadoop2,cpu0
1546772370000,1,88.8663967611,hadoop3,cpu0
1546772375000,0,47.3360655738,hadoop2,cpu0
1546772375000,1,15.8536585366,hadoop3,cpu0</pre>
    <pre id="csv_cpu_overall" style="display: none">x,idle,user,system,iowait,others
1546771440000,99.2949616893,0.403227445481,0.201207243461,0.10060362173,0.0
1546771445000,99.39576978,0.503626598299,0.10060362173,0.0,0.0
1546771450000,99.0917236885,0.605653307266,0.302623004236,0.0,0.0
1546771455000,99.0915175656,0.807675982761,0.100806451613,0.0,0.0
1546771460000,98.9929496333,0.60423022003,0.402820146687,0.0,0.0
1546771465000,95.4311581655,0.710763699929,0.608931545705,3.24914658883,0.0
1546771470000,64.3758029934,2.74742525706,5.28664025481,26.3706142616,1.21951723312
1546771475000,21.3832961238,36.7817100596,5.02961115714,36.7051822586,0.100200400802
1546771480000,48.2828282828,39.8195666341,4.33569566634,7.56190941675,0.0
1546771485000,24.726802936,18.5864520589,5.68241664198,50.8018992133,0.202429149798
1546771490000,0.0,78.6640586249,13.6058176931,7.53012048193,0.200003200051
1546771495000,0.0,92.3941883768,7.60581162325,0.0,0.0
1546771500000,0.0,92.0159680639,7.78443113772,0.0,0.199600798403
1546771505000,0.0,91.5919839679,8.20761523046,0.0,0.200400801603
1546771510000,0.0,94.10499002,5.79520958084,0.0,0.0998003992016
1546771515000,0.0,94.3053892216,5.59481037924,0.0,0.0998003992016
1546771520000,0.0,92.92027833,6.88031809145,0.0,0.199403578529
1546771525000,0.0,93.6,6.2,0.0,0.2
1546771530000,0.0,69.5789272519,9.57968009822,17.5048355899,3.33655705996
1546771535000,0.0,78.3165279778,15.4202529335,2.38568588469,3.87753320397
1546771540000,0.0,4.7227926078,5.95482546201,87.6796714579,1.64271047228
1546771545000,0.0,30.2396166134,9.40050635964,58.7705708602,1.58930616674
1546771550000,0.0,9.33813993362,7.9511133581,81.9715121008,0.739234607522
1546771555000,0.0,5.87418776064,4.38346587787,86.0717114409,3.67063492063
1546771560000,0.0,37.3,15.6,44.5,2.6
1546771565000,0.0,24.4665147075,24.0882448714,48.3767502442,3.06849017692
1546771570000,0.0,24.043715847,23.5904123199,49.7265689684,2.63930286471
1546771575000,0.0,18.5779929534,27.5617808658,52.0345184419,1.82570773893
1546771580000,0.0,27.8558679161,35.7429718876,33.1387277505,3.26243244583
1546771585000,0.0,9.85772357724,12.2967479675,76.7276422764,1.11788617886
1546771590000,0.0,11.2645625052,15.6457076758,71.3583409072,1.73138891184
1546771595000,0.0,12.8571428571,6.5306122449,79.7959183673,0.816326530612
1546771600000,0.0,7.81472935498,10.7025974301,79.5277207392,1.95495247571
1546771605000,0.0,8.15889537152,10.2654400638,78.9814937863,2.59417077844
1546771610000,0.0,12.5557630344,12.0062659601,73.3179729663,2.1199980391
1546771615000,0.0,7.14009190217,10.4517681911,79.0049401626,3.40319974416
1546771620000,0.0,4.57878198414,3.66290089281,91.1485610255,0.609756097561
1546771625000,0.0,46.1692620934,40.1906468633,9.45674044266,4.18335060062
1546771630000,0.0,37.4853116348,40.7716824416,18.4234353873,3.31957053635
1546771635000,0.0,20.2896914332,9.75721991666,67.3435649217,2.60952372837
1546771640000,0.0,24.1711018711,26.4935550936,47.2721413721,2.0632016632
1546771645000,0.0,21.4347182894,22.0494043692,54.9945292939,1.52134804755
1546771650000,0.0,24.6494127664,10.7680364611,63.9711099425,0.611440830057
1546771655000,0.0,21.1613237708,13.446116371,64.1672118601,1.22534799801
1546771660000,0.0,46.2626262626,18.7878787879,32.8282828283,2.12121212121
1546771665000,0.0,65.2533199195,22.5748490946,11.6700201207,0.501810865191
1546771670000,0.0,58.1271255061,15.8655870445,25.1012145749,0.906072874494
1546771675000,0.0,44.7530600713,15.6359379002,39.5112016293,0.0998003992016
1546771680000,0.0,49.4,15.0,34.6,1.0
1546771685000,0.0,20.506472052,8.71102653646,70.4765688714,0.305932540097
1546771690000,0.0,24.0349021682,12.0984267583,63.5625991539,0.304071919619
1546771695000,0.0,13.9227642276,6.91056910569,78.9634146341,0.20325203252
1546771700000,0.0,12.5666861812,7.41154547029,79.9205537736,0.101214574899
1546771705000,0.0,9.88163265306,6.04285714286,83.7755102041,0.3
1546771710000,0.0,14.8676171079,7.23014256619,77.6985743381,0.20366598778
1546771715000,0.0,7.17562361238,4.3448805015,88.3782813112,0.101214574899
1546771720000,0.0,7.10808820201,4.46770603169,88.4242057663,0.0
1546771725000,0.0,5.60746498192,3.36422960223,90.8244316056,0.203873810217
1546771730000,0.0,6.84993504589,4.29577169677,88.7516238528,0.102669404517
1546771735000,0.0,16.5446806777,7.06093189964,76.3943874226,0.0
1546771740000,0.0,21.745972968,8.80269085972,69.4513361723,0.0
1546771745000,0.0,12.8048780488,4.97967479675,82.012195122,0.20325203252
1546771750000,0.0,10.2541397326,6.44415208747,83.1998751861,0.10183299389
1546771755000,0.0,28.8723605208,9.1344532146,61.8907272482,0.102459016393
1546771760000,0.0,20.9470626534,5.51284619622,73.4384651341,0.10162601626
1546771765000,0.0,43.1746624354,4.58361852612,52.1390496339,0.102669404517
1546771770000,0.0,60.7393853959,5.77128760342,33.3874940068,0.10183299389
1546771775000,0.0,78.2530274137,6.53399084185,15.2129817444,0.0
1546771780000,0.0998003992016,88.2985531942,8.30063320253,3.10061240245,0.200400801603
1546771785000,0.0,86.1602723519,7.92428229954,5.81524494773,0.100200400802
1546771790000,0.0,91.0061876248,7.39421157685,1.4,0.199600798403
1546771795000,0.0,93.3133732535,6.3872255489,0.0,0.299401197605
1546771800000,0.0,89.8,6.4,3.8,0.0
1546771805000,0.0,63.494160178,7.9864064647,27.9127543676,0.606678989727
1546771810000,0.0,67.1559467611,6.98514948859,25.6564712825,0.202432467873
1546771815000,0.0,77.9545601762,8.95558038606,12.7878449281,0.302014509652
1546771820000,6.92464358452,53.7148832637,17.8841424775,17.1869580751,4.28937259923
1546771825000,0.0,93.8,6.2,0.0,0.0
1546771830000,0.0,62.8516418503,20.4528510947,15.8422647342,0.853242320819
1546771835000,0.0,54.5065625519,15.6108725877,25.0297304151,4.85283444531
1546771840000,7.63052208835,53.3101154618,17.3137863956,18.5174290914,3.22814696285
1546771845000,0.0,58.4474005527,15.4806085727,24.4565741276,1.615416747
1546771850000,0.0,66.913759105,14.2001690209,17.5757575758,1.31031429836
1546771855000,16.2601626016,63.2260750318,12.2808306396,7.73092369478,0.502008032129
1546771860000,39.5918367347,52.6697625158,6.51839178785,1.02040816327,0.199600798403
1546771865000,29.3209876543,54.5149970723,5.46442679598,10.6995884774,0.0
1546771870000,41.5637860082,52.7757201646,4.73456790123,0.82304526749,0.102880658436
1546771875000,35.1020408163,59.7633304819,4.93054706913,0.102040816327,0.102040816327
1546771880000,38.8090349076,52.46181149,4.83345424141,3.69609856263,0.199600798403
1546771885000,40.5349794239,53.278600823,4.95185185185,1.1316872428,0.102880658436
1546771890000,34.4329896907,60.3181266333,5.14908327675,0.0,0.0998003992016
1546771895000,43.0927835052,45.4817565185,6.97649816424,4.34835819038,0.10060362173
1546771900000,40.9183673469,39.4366787811,9.11673345137,6.87525238406,3.65296803653
1546771905000,12.4236252546,15.4626078783,8.68918118099,60.8143914883,2.6101941979
1546771910000,0.0,8.91786344167,13.1502477534,75.8742756362,2.05761316872
1546771915000,1.43442622951,8.19672131148,3.68852459016,86.4754098361,0.204918032787
1546771920000,42.3312883436,11.5755143973,16.2094515357,23.2486746334,6.63507109005
1546771925000,38.8775510204,22.9141535157,19.9516648765,13.9035776254,4.35305296208
1546771930000,39.3223819302,17.140562988,15.4903248201,24.3807424817,3.66598778004
1546771935000,12.1428571429,16.9387755102,9.89795918367,57.2448979592,3.77551020408
1546771940000,0.0,29.5507715281,12.6447652232,55.2534428406,2.55102040816
1546771945000,0.0,25.0552835255,10.3427994247,64.1956039206,0.406313129214
1546771950000,0.0,20.7732628946,7.90461143478,71.018481946,0.303643724696
1546771955000,9.918200409,37.2894590073,12.9528412964,39.6362396976,0.203259589763
1546771960000,43.5582822086,48.5036062844,7.12746286568,0.511247443763,0.299401197605
1546771965000,42.6530612245,50.3040816327,6.33469387755,0.408163265306,0.3
1546771970000,45.2138492872,48.9733364229,5.61321349155,0.0,0.199600798403
1546771975000,34.1889117043,49.6254620123,6.45872689938,9.52689938398,0.2
1546771980000,43.5185185185,49.0094650206,6.44609053498,0.925925925926,0.1
1546771985000,43.3127572016,51.5267489712,4.54609053498,0.411522633745,0.202880658436
1546771990000,42.3469387755,51.1033035969,5.63587111491,0.612244897959,0.30164161473
1546771995000,86.6529774127,9.44558521561,2.25872689938,1.64271047228,0.0
1546772000000,27.8350515464,33.9625548051,10.7198720228,23.3445905913,4.13793103448
1546772005000,39.263803681,13.6719836401,13.626993865,31.4372188139,2.0
1546772010000,43.7755102041,6.15280823073,7.62565356721,35.7311519649,6.71487603306
1546772015000,40.412371134,8.03275211064,16.9791268932,27.2712231131,7.30452674897
1546772020000,44.8065173116,10.8247014773,15.6383408511,23.4138834397,5.31655692027
1546772025000,40.7597535934,10.3308425707,12.2225583,32.9524057018,3.73443983402
1546772030000,35.5828220859,13.8617820149,16.5040254228,30.2831332076,3.76823726879
1546772035000,0.0,17.4552784077,9.96346686823,70.9360040312,1.64525069287
1546772040000,0.0,12.3805324599,11.2412866381,73.4181573864,2.96002351558
