<!DOCTYPE html>
<html>
  <head>
    <meta http-equiv="content-type" content="text/html; charset=UTF-8">
    <title>System monitor report of HadoopPrepareJoin</title>
    <style TYPE="text/css">
      .highcharts-tooltip>span {
	background: rgba(255,255,255,0.85);
	border: 1px solid silver;
	border-radius: 3px;
	box-shadow: 1px 1px 2px #888;
	padding: 8px;
	z-index: 2;
      }
    </style>
    <script type='text/javascript' src='https://ajax.aspnetcdn.com/ajax/jQuery/jquery-1.7.2.min.js'></script>
    <script src="http://code.highcharts.com/highcharts.js"></script>
    <script src="http://code.highcharts.com/modules/data.js"></script>
    <script src="http://code.highcharts.com/modules/heatmap.js"></script>
    <script src="http://code.highcharts.com/modules/exporting.js"></script>

    <script type='text/javascript'>
    Object.defineProperty(Number.prototype,'fileSize',{value:function(a,b,c,d){
	return (a=a?[1e3,'k','B']:[1024,'K','iB'],b=Math,c=b.log,
		d=c(this)/c(a[0])|0,this/b.pow(a[0],d)).toFixed(2)
	    +(d?(a[1]+'MGTPEZY')[--d]+a[2]:'Bytes');
    },writable:false,enumerable:false});

    function parse_events(){
	var data = document.getElementById("csv_events").innerHTML;
	var events=[];
	var csv_header = [];
	$.each(data.split('\n'), function(lineNo, line){
	    var items = line.split(',');
	    if (lineNo==0){
		$.each(items, function(itemNo, item){
		    csv_header.push(item);
		});
	    }else {
		value = [];
		$.each(items, function(itemNo, item){
		    if (itemNo == 0){ // 0 -> timestamp
			item = parseFloat(item);
		    }
//		    value[csv_header[itemNo]] = item;
		    value.push(item);
		});
		events.push({color: 'red',
			     dashStyle: 'longdashdot',
			     value: value[0],
			     label:{
				 useHTML: true,
				 text:value[1],
				 align:'left'
			     },
			     width: 2});
	    }
	});
	return events;
    }

function merge_options(obj1,obj2){
    var obj3 = {};
    for (var attrname in obj1) { obj3[attrname] = obj1[attrname]; }
    for (var attrname in obj2) { obj3[attrname] = obj2[attrname]; }
    return obj3;
}

function gen_overall_options(suffix, title, yAxis_desc, plot_options, plot_events, chart_type){
    var data = document.getElementById("csv_"+suffix).innerHTML;
    var csv_header = [];
	
    var series=[];
    var yaxis=0;
    $.each(data.split('\n'), function(lineNo, line){
	var items = line.split(',');
	if (lineNo==0){
	    $.each(items, function(itemNo, item){
		if (item[0]=='|'){ // new axis
		    item = item.substring(1);
		    yaxis +=1;
		}
		csv_header.push(item);
		series.push({name:item, yAxis: yaxis, data:[],
			     tooltip: yAxis_desc[yaxis].tooltip
			    })
	    });
	} else {
	    $.each(items, function(itemNo, item){
		if (itemNo>0){
		    series[itemNo].data.push([parseFloat(items[0]), parseFloat(item)])
		}
	    });
	}
    });
    series.splice(0,1);
    var options = {
	chart: merge_options({
	    renderTo: 'container_'+suffix,
	},
			     chart_type),
	title: {
	    text: title
	},
	// tooltip: {
	// 	pointFormat: '<span style="color:{series.color}">{series.name}</span>: <b>{point.percentage:.1f}%</b> ({point.y:,.0f})<br/>',
        // shared: true
        // },
	
	
	plotOptions: plot_options,
	
	xAxis: {
	    type: 'datetime',
	    tickmarkPlacement: 'on',
	    labels: {
                align: 'left',
                x: 5,
                format: '{value:%M:%S}'
	    },
	    plotLines: plot_events,
	    title: {
                enabled: false
	    }
	},
	yAxis: yAxis_desc,
	series: series
    };
    //	console.log(options.series)

    var newchart = new Highcharts.Chart(options);
}

function gen_heatmap_options(suffix, title, yAxis_desc, colorAxis_desc, series_desc){
    
    var data = document.getElementById("csv_"+suffix).innerHTML;
    var csv_header = [];
	
    var series=[];
    var yaxis=0;

    var options = {
	chart: {
	    renderTo: 'container_'+suffix,
	    type: 'heatmap',
	    margin: [60, 10, 80, 70]
	},
	title: {
	    text: title
	},
	tooltip: {
	    backgroundColor: null,
	    borderWidth: 0,
	    distance: 10,
	    shadow: false,
	    useHTML: true,
	    style: {
                padding: 0,
                color: 'black'
	    }
        },
	xAxis: {
	    type: 'datetime',
	    labels: {
                align: 'left',
                x: 5,
                format: '{value:%M:%S}'
	    },
	    showLastLabel: false,
	    tickLength: 16
	},
	yAxis: yAxis_desc,
	colorAxis: merge_options({
	    stops: [
                [0, '#3060cf'],
                [0.5, '#fffbbc'],
                [0.9, '#c4463a'],
                [1, '#c4463a']
	    ],
	    startOnTick: false,
	    endOnTick: false,
	    labels: {
                format: '{value}%'
	    }
	},
				 colorAxis_desc),
	series: [merge_options({
	    name : 'CPU usage',
	    borderWidth: 1,
	    nullColor: '#EFEFEF',
	    colsize: 5000.0, // 1s
	    tooltip: {
                headerFormat: 'CPU Usage<br/>',
                pointFormat: '{point.x%Y-%m-%d %H:%M:%S}<br/>{point.hostname}.{point.coreid}<br/><b>{point.value:%.2f} %</b>'
	    },
	    turboThreshold: Number.MAX_VALUE,
	    data: []
	}, series_desc)]
    };
    
    var data =  document.getElementById('csv_'+suffix).innerHTML;
    // Split the lines
    var lines = data.split('\n');
    var csv_header = [];
    var max_value = 0;
    var min_value = -1;
    $.each(lines, function(lineNo, line) {
	var items = line.split(',');
	    
	// header line containes categories
	if (lineNo == 0) {
	    $.each(items, function(itemNo, item){
		csv_header.push(item);
	    });
	} else { // the rest of the lines contain data with their name in the first position
	    var series_data = {};
	    $.each(items, function(itemNo, item) {
		var value;
		if (itemNo <= 2) {
		    value = parseFloat(item);
		    if (itemNo == 2){
			if (max_value< value) max_value = value;		
			if ((min_value<0) || ( min_value>value)) min_value = value;
		    }
		} else {
		    value = item;
		}
		series_data[csv_header[itemNo]] = value;
	    });
	    options.series[0].data.push(series_data);
	}
    }  );
    if (!("max" in colorAxis_desc)){
	options.colorAxis.max = max_value;
    }
    if (!("min" in colorAxis_desc)){
	options.colorAxis,min = min_value;
    }


    var newchart = new Highcharts.Chart(options);
}

    $(function() {

	/**
	 * This plugin extends Highcharts in two ways:
	 * - Use HTML5 canvas instead of SVG for rendering of the heatmap squares. Canvas
	 *   outperforms SVG when it comes to thousands of single shapes.
	 * - Add a K-D-tree to find the nearest point on mouse move. Since we no longer have SVG shapes
	 *   to capture mouseovers, we need another way of detecting hover points for the tooltip.
	 */
	(function (H) {
            var wrap = H.wrap,
            seriesTypes = H.seriesTypes;
	    
            /**
             * Get the canvas context for a series
             */
            H.Series.prototype.getContext = function () {
		var canvas;
		if (!this.ctx) {
                    canvas = document.createElement('canvas');
                    canvas.setAttribute('width', this.chart.plotWidth);
                    canvas.setAttribute('height', this.chart.plotHeight);
                    canvas.style.position = 'absolute';
                    canvas.style.left = this.group.translateX + 'px';
                    canvas.style.top = this.group.translateY + 'px';
                    canvas.style.zIndex = 0;
                    canvas.style.cursor = 'crosshair';
                    this.chart.container.appendChild(canvas);
                    if (canvas.getContext) {
			this.ctx = canvas.getContext('2d');
                    }
		}
		return this.ctx;
            }

            /**
             * Wrap the drawPoints method to draw the points in canvas instead of the slower SVG,
             * that requires one shape each point.
             */
            H.wrap(H.seriesTypes.heatmap.prototype, 'drawPoints', function (proceed) {
		
		var ctx;
		if (this.chart.renderer.forExport) {
                    // Run SVG shapes
                    proceed.call(this);
		    
		} else {
		    
                    if (ctx = this.getContext()) {
			
			// draw the columns
			H.each(this.points, function (point) {
                            var plotY = point.plotY,
                            shapeArgs;
			    
                            if (plotY !== undefined && !isNaN(plotY) && point.y !== null) {
				shapeArgs = point.shapeArgs;
				pointAttr = (point.pointAttr && point.pointAttr['']) || point.series.pointAttribs(point);
				
				ctx.fillStyle = pointAttr.fill;
				ctx.fillRect(shapeArgs.x, shapeArgs.y, shapeArgs.width, shapeArgs.height);
                            }
			});
			
                    } else {
			this.chart.showLoading("Your browser doesn't support HTML5 canvas, <br>please use a modern browser");
			
			// Uncomment this to provide low-level (slow) support in oldIE. It will cause script errors on
			// charts with more than a few thousand points.
			//proceed.call(this);
                    }
		}
            });
	}(Highcharts));


//	var chart_cpu_heatmap = new Highcharts.Chart(options);
	var events = parse_events();

	// generate heatmaps
	// generate cpu heatmap
	gen_heatmap_options("cpu_heatmap", "CPU usage heatmap", 
			    {
				title: {
				    text: null
				},
				labels: {
				    formatter: function(){
					return 'Core-'+this.value;
				    }
				},
				minPadding: 0,
				maxPadding: 0,
				startOnTick: false,
				endOnTick: false,
				tickWidth: 1,
				min: 0,
			    },
			    {min:0, max:100, labels:{format:'{value}%'}},
			    {name : 'CPU Usage',
			     tooltip:{
				 headerFormat: 'CPU Usage<br/>',
				 pointFormat: '{point.x:%Y-%m-%d %H:%M:%S}<br/>{point.hostname}.{point.coreid}<br/><b>{point.value:%.2f} %</b>'
			     }});

	// generate network throughputs heatmap
	gen_heatmap_options("network_heatmap", "Network throughputs heatmap", 
			    {
				title: {
				    text: null
				},
				labels: {
				    formatter: function(){
					return  'Eth-'+this.value;
				    }
				},
				minPadding: 0,
				maxPadding: 0,
				startOnTick: false,
				endOnTick: false,
				tickWidth: 1,
				min: 0,
			    },
			    {labels:{format:'{value}'}},
			    {name : 'Network throughputs',
			     tooltip:{
				 headerFormat: 'Network throughputs<br/>',
				 pointFormatter: function () {
				     return Highcharts.dateFormat("%Y-%m-%d %H:%M:%S",this.x)+'<br/>'+this.hostname+"."+this.adapterid+'<br/><b>'+this.value.fileSize()+'</b>';}
			     }}
			    );

	// generate disk io throughputs heatmap
	gen_heatmap_options("diskio_heatmap", "Disk throughputs heatmap", 
			    {
				title: {
				    text: null
				},
				labels: {
				    formatter: function (){
					return 'Disk-'+this.value;
				    }
				},
				minPadding: 0,
				maxPadding: 0,
				startOnTick: false,
				endOnTick: false,
				tickWidth: 1,
				min: 0,
			    },
			    {labels:{format: '{value}'}},
			    {name : 'DiskIO throughputs',
			     tooltip:{
				 headerFormat: 'DiskIO throughputs<br/>',
				 pointFormatter: function () {
				     return Highcharts.dateFormat("%Y-%m-%d %H:%M:%S",this.x)+'<br/>'+this.hostname+"."+this.diskid+'<br/><b>'+this.value.fileSize()+'</b>';}
			     }});

	// generate memory usage heatmap
	gen_heatmap_options("memory_heatmap", "Memory usage heatmap", 
			    {
				title: {
				    text: null
				},
				labels: {
				    formatter: function () {
					return 'Node-'+this.value;
				    }
				},
				minPadding: 0,
				maxPadding: 0,
				startOnTick: false,
				endOnTick: false,
				tickWidth: 1,
				min: 0,
			    },
			    {labels:{formatter: function (){ return this.value.fileSize();}}},
			    {name : 'Memory Usage',
			     tooltip:{
				 headerFormat: 'Memory Usage<br/>',
				 pointFormatter: function () {
				     return Highcharts.dateFormat("%Y-%m-%d %H:%M:%S",this.x)+'<br/>'+this.hostname+'<br/><b>'+this.value.fileSize()+'</b>';}
			     }});

	// generate proc numbers heatmap
	gen_heatmap_options("procload_heatmap", "Process numbers heatmap", 
			    {
				title: {
				    text: null
				},
				labels: {
				    formatter: function () {
					return  'Node-'+ this.value;
				    }
				},
				minPadding: 0,
				maxPadding: 0,
				startOnTick: false,
				endOnTick: false,
				tickWidth: 1,
				min: 0,
			    },
			    {labels:{format:'{value}'}},
			    {name : 'Process(/Thread) numbers',
			     tooltip:{
				 headerFormat: 'Process numbers<br/>',
				 pointFormatter: function () {
				     return Highcharts.dateFormat("%Y-%m-%d %H:%M:%S",this.x)+'<br/>'+this.hostname+'<br/><b>'+this.value+'</b>';}
			     }}
			   );
	

	// load cpu overall
	gen_overall_options("cpu_overall", "Summarized CPU usage",
			    [{	// yaxis
				title: {
				    text: 'Percent'
				},
				tooltip: {
				    pointFormat: '<span style="color:{series.color}">{series.name}</span>: <b>{point.percentage:.1f}%</b>)<br/>',
				},
			    }], 
			    {	// plot options
				area: {
				    stacking: 'percent',
				    lineColor: '#ffffff',
				    lineWidth: 1,
				    marker: {
					lineWidth: 1,
					lineColor: '#ffffff'
				    }
				}
			    },
			    events,
			    {	// chart type
			    	type: 'area',
			    }
			   );

	// load network overall
	gen_overall_options("network_overall", "Summarized Network throughputs & Packet-per-seconds", 
			    [	// yaxis
				{
				    title:{
					text: "Throughput Per Second"
				    },
				    tooltip: {
					pointFormatter: function () {
					    return '<span style="color:'+this.series.color+'">'+this.series.name+'</span>: <b>' + this.y.fileSize()+'</b>)<br/>';
					}
				    },
				    labels: {
					formatter: function() {
					    return this.value.fileSize();
					    }
					}
				},
				{
				    title:{
					text: "Packets Per Second"
				    },
				    tooltip: {
					pointFormat: '<span style="color:{series.color}">{series.name}</span>: <b>{point.y:.0f} packets</b>)<br/>',
				    },
				    opposite: true,
				    reversed: true
				},
			    ],
			    {},	// plot options
			    events,
			    {	// chart type
			    	type: 'area',
			    }
			   );

	// load diskio overall
	gen_overall_options("diskio_overall", "Summarized Disk throughputs & IOPS",
			    [	// yaxis
				{
				    title:{
					text: "Throughput Per Second"
				    },
				    tooltip: {
					pointFormatter: function () {
					    return '<span style="color:'+this.series.color +'">'+this.series.name+'</span>: <b>' + this.y.fileSize()+'</b>)<br/>';
					},
				    },
				    labels: {
					formatter: function() {
					    return this.value.fileSize();
					}
				    }
				},
				{
				    title:{
					text: "Operations Per Second"
				    },
				    tooltip: {
					pointFormat: '<span style="color:{series.color}">{series.name}</span>: <b>{point.y:.0f} IO</b>)<br/>',
				    },
				    opposite: true,
				    reversed: true
				}
			    ],
			    {},	// plot operations
			    events,
			    {	// chart type
			    	type: 'area',
			    }
			   );

	// load memory overall
	gen_overall_options("memory_overall", "Summarized Memory usage",
			    [{	// yaxis
				title: {
				    text: 'Percent'
				},
				tooltip: {
				    pointFormatter: function () {
					return '<span style="color:'+this.series.color+'">'+this.series.name+'</span>: <b>' + (this.y*1024).fileSize()+'</b>)<br/>';
				    }
				},
			    }], 
			    {	// plot options
				area: {
				    stacking: 'percent',
				    lineColor: '#ffffff',
				    lineWidth: 1,
				    marker: {
					lineWidth: 1,
					lineColor: '#ffffff'
				    }
				}
			    },
			    events,
			    {	// chart type
			    	type: 'area',
			    }
			   );

	// load procload overall
	gen_overall_options("procload_overall", "Summarized system load",
			    [{	// yaxis for loads
				title: {
				    text: 'load'
				},
				tooltip: {
				    pointFormat: '<span style="color:{series.color}">{series.name}</span>: <b>{point.y:0.2f}</b>)<br/>',
				},
			    },
			     {	// yaxis for running & total process
				 title: {
				     text: 'process number'
				 },
				 tooltip: {
				     pointFormat: '<span style="color:{series.color}">{series.name}</span>: <b>{point.y:.0f}</b>)<br/>',
				 },
				 opposite: true,
			    }], 
			    {	// plot options
			    },
			    events,
			     {	// chart type
			    }
			   );
    });
</script>
</head>
<body>
    <h1>Workload: HadoopPrepareJoin</h1>
    
    <div id="container_cpu_heatmap" style="height: 800px; max-width: 1000px; margin: 0 auto"></div>
    <div id="container_cpu_overall" style="height: 400px; max-width: 1000px; margin: 0 auto"></div>
    
    <div id="container_network_heatmap" style="height: 800px; max-width: 1000px; margin: 0 auto"></div>
    <div id="container_network_overall" style="height: 400px; max-width: 1000px; margin: 0 auto"></div>

    <div id="container_diskio_heatmap" style="height: 800px; max-width: 1000px; margin: 0 auto"></div>
    <div id="container_diskio_overall" style="height: 400px; max-width: 1000px; margin: 0 auto"></div>
    
    <div id="container_memory_heatmap" style="height: 400px; max-width: 1000px; margin: 0 auto"></div>
    <div id="container_memory_overall" style="height: 400px; max-width: 1000px; margin: 0 auto"></div>

    <div id="container_procload_heatmap" style="height: 400px; max-width: 1000px; margin: 0 auto"></div>
    <div id="container_procload_overall" style="height: 400px; max-width: 1000px; margin: 0 auto"></div>

    <pre id="csv_cpu_heatmap" style="display: none">x,y,value,hostname,coreid
1546770030000,0,2.0202020202,hadoop2,cpu0
1546770035000,0,27.6288659794,hadoop2,cpu0
1546770035000,1,5.02008032129,hadoop3,cpu0
1546770040000,0,42.3387096774,hadoop2,cpu0
1546770040000,1,30.2845528455,hadoop3,cpu0
1546770045000,0,1.20724346076,hadoop2,cpu0
1546770045000,1,91.7171717172,hadoop3,cpu0
1546770050000,0,55.8232931727,hadoop2,cpu0
1546770050000,1,99.4,hadoop3,cpu0
1546770055000,0,100.0,hadoop2,cpu0
1546770055000,1,72.9838709677,hadoop3,cpu0
1546770060000,0,100.0,hadoop2,cpu0
1546770060000,1,100.0,hadoop3,cpu0
1546770065000,0,100.0,hadoop2,cpu0
1546770065000,1,100.0,hadoop3,cpu0
1546770070000,0,100.0,hadoop2,cpu0
1546770070000,1,100.0,hadoop3,cpu0
1546770075000,0,100.0,hadoop2,cpu0
1546770075000,1,100.0,hadoop3,cpu0
1546770080000,1,100.0,hadoop3,cpu0
1546770085000,0,100.0,hadoop2,cpu0
1546770085000,1,100.0,hadoop3,cpu0
1546770090000,0,100.0,hadoop2,cpu0
1546770090000,1,100.0,hadoop3,cpu0
1546770095000,0,100.0,hadoop2,cpu0
1546770095000,1,100.0,hadoop3,cpu0
1546770100000,0,100.0,hadoop2,cpu0
1546770100000,1,100.0,hadoop3,cpu0
1546770105000,0,100.0,hadoop2,cpu0
1546770105000,1,100.0,hadoop3,cpu0
1546770110000,0,100.0,hadoop2,cpu0
1546770110000,1,100.0,hadoop3,cpu0
1546770115000,0,100.0,hadoop2,cpu0
1546770115000,1,100.0,hadoop3,cpu0
1546770120000,0,100.0,hadoop2,cpu0
1546770120000,1,100.0,hadoop3,cpu0
1546770125000,0,100.0,hadoop2,cpu0
1546770125000,1,100.0,hadoop3,cpu0
1546770130000,0,100.0,hadoop2,cpu0
1546770130000,1,100.0,hadoop3,cpu0
1546770135000,0,100.0,hadoop2,cpu0
1546770135000,1,100.0,hadoop3,cpu0
1546770140000,0,100.0,hadoop2,cpu0
1546770140000,1,100.0,hadoop3,cpu0
1546770145000,0,100.0,hadoop2,cpu0
1546770145000,1,100.0,hadoop3,cpu0
1546770150000,0,99.8007968127,hadoop2,cpu0
1546770150000,1,100.0,hadoop3,cpu0
1546770155000,0,100.0,hadoop2,cpu0
1546770155000,1,100.0,hadoop3,cpu0
1546770160000,0,100.0,hadoop2,cpu0
1546770160000,1,100.0,hadoop3,cpu0
1546770165000,0,100.0,hadoop2,cpu0
1546770165000,1,100.0,hadoop3,cpu0
1546770170000,0,100.0,hadoop2,cpu0
1546770170000,1,69.898989899,hadoop3,cpu0
1546770175000,0,100.0,hadoop2,cpu0
1546770175000,1,100.0,hadoop3,cpu0
1546770180000,0,100.0,hadoop2,cpu0
1546770180000,1,75.3012048193,hadoop3,cpu0
1546770185000,0,100.0,hadoop2,cpu0
1546770185000,1,100.0,hadoop3,cpu0
1546770190000,0,100.0,hadoop2,cpu0
1546770190000,1,100.0,hadoop3,cpu0
1546770195000,0,100.0,hadoop2,cpu0
1546770195000,1,100.0,hadoop3,cpu0
1546770200000,0,100.0,hadoop2,cpu0
1546770200000,1,100.0,hadoop3,cpu0
1546770205000,0,100.0,hadoop2,cpu0
1546770205000,1,100.0,hadoop3,cpu0
1546770210000,0,100.0,hadoop2,cpu0
1546770210000,1,100.0,hadoop3,cpu0
1546770215000,0,100.0,hadoop2,cpu0
1546770215000,1,100.0,hadoop3,cpu0
1546770220000,0,100.0,hadoop2,cpu0
1546770220000,1,100.0,hadoop3,cpu0
1546770225000,0,100.0,hadoop2,cpu0
1546770225000,1,100.0,hadoop3,cpu0
1546770230000,0,100.0,hadoop2,cpu0
1546770230000,1,100.0,hadoop3,cpu0
1546770235000,0,100.0,hadoop2,cpu0
1546770235000,1,100.0,hadoop3,cpu0
1546770240000,0,100.0,hadoop2,cpu0
1546770240000,1,100.0,hadoop3,cpu0
1546770245000,0,100.0,hadoop2,cpu0
1546770245000,1,100.0,hadoop3,cpu0
1546770250000,0,100.0,hadoop2,cpu0
1546770250000,1,95.8083832335,hadoop3,cpu0
1546770255000,0,100.0,hadoop2,cpu0
1546770255000,1,28.1632653061,hadoop3,cpu0
1546770260000,0,46.4503042596,hadoop2,cpu0
1546770260000,1,27.0491803279,hadoop3,cpu0
1546770265000,0,100.0,hadoop2,cpu0
1546770265000,1,20.4868154158,hadoop3,cpu0
1546770270000,0,99.7955010225,hadoop2,cpu0
1546770270000,1,16.3636363636,hadoop3,cpu0
1546770275000,0,99.5983935743,hadoop2,cpu0
1546770275000,1,1.0101010101,hadoop3,cpu0
1546770280000,0,80.3212851406,hadoop2,cpu0
1546770280000,1,42.6262626263,hadoop3,cpu0
1546770285000,0,100.0,hadoop2,cpu0
1546770285000,1,100.0,hadoop3,cpu0
1546770290000,0,100.0,hadoop2,cpu0
1546770290000,1,100.0,hadoop3,cpu0
1546770295000,0,100.0,hadoop2,cpu0
1546770295000,1,100.0,hadoop3,cpu0
1546770300000,0,100.0,hadoop2,cpu0
1546770300000,1,100.0,hadoop3,cpu0
1546770305000,0,100.0,hadoop2,cpu0
1546770305000,1,100.0,hadoop3,cpu0
1546770310000,0,100.0,hadoop2,cpu0
1546770310000,1,100.0,hadoop3,cpu0
1546770315000,0,100.0,hadoop2,cpu0
1546770315000,1,100.0,hadoop3,cpu0
1546770320000,0,100.0,hadoop2,cpu0
1546770320000,1,100.0,hadoop3,cpu0
1546770325000,0,100.0,hadoop2,cpu0
1546770325000,1,100.0,hadoop3,cpu0
1546770330000,0,100.0,hadoop2,cpu0
1546770330000,1,100.0,hadoop3,cpu0
1546770335000,0,91.8533604888,hadoop2,cpu0
1546770335000,1,100.0,hadoop3,cpu0
1546770340000,0,100.0,hadoop2,cpu0
1546770340000,1,100.0,hadoop3,cpu0
1546770345000,0,100.0,hadoop2,cpu0
1546770345000,1,100.0,hadoop3,cpu0
1546770350000,0,100.0,hadoop2,cpu0
1546770350000,1,100.0,hadoop3,cpu0
1546770355000,0,100.0,hadoop2,cpu0
1546770355000,1,100.0,hadoop3,cpu0
1546770360000,0,100.0,hadoop2,cpu0
1546770360000,1,100.0,hadoop3,cpu0
1546770365000,0,100.0,hadoop2,cpu0
1546770365000,1,100.0,hadoop3,cpu0
1546770370000,0,100.0,hadoop2,cpu0
1546770370000,1,100.0,hadoop3,cpu0
1546770375000,0,100.0,hadoop2,cpu0
1546770375000,1,100.0,hadoop3,cpu0
1546770380000,0,100.0,hadoop2,cpu0
1546770380000,1,100.0,hadoop3,cpu0
1546770385000,0,100.0,hadoop2,cpu0
1546770385000,1,100.0,hadoop3,cpu0
1546770390000,0,100.0,hadoop2,cpu0
1546770390000,1,100.0,hadoop3,cpu0
1546770395000,0,100.0,hadoop2,cpu0
1546770395000,1,100.0,hadoop3,cpu0
1546770400000,0,100.0,hadoop2,cpu0
1546770400000,1,100.0,hadoop3,cpu0
1546770405000,0,100.0,hadoop2,cpu0
1546770405000,1,100.0,hadoop3,cpu0
1546770410000,0,100.0,hadoop2,cpu0
1546770410000,1,100.0,hadoop3,cpu0
1546770415000,0,100.0,hadoop2,cpu0
1546770415000,1,100.0,hadoop3,cpu0
1546770420000,0,100.0,hadoop2,cpu0
1546770420000,1,100.0,hadoop3,cpu0
1546770425000,0,100.0,hadoop2,cpu0
1546770425000,1,100.0,hadoop3,cpu0
1546770430000,0,100.0,hadoop2,cpu0
1546770430000,1,100.0,hadoop3,cpu0
1546770435000,0,100.0,hadoop2,cpu0
1546770435000,1,99.7983870968,hadoop3,cpu0
1546770440000,0,100.0,hadoop2,cpu0
1546770440000,1,100.0,hadoop3,cpu0
1546770445000,0,100.0,hadoop2,cpu0
1546770445000,1,100.0,hadoop3,cpu0
1546770450000,0,100.0,hadoop2,cpu0
1546770450000,1,100.0,hadoop3,cpu0
1546770455000,0,100.0,hadoop2,cpu0
1546770455000,1,100.0,hadoop3,cpu0
1546770460000,0,100.0,hadoop2,cpu0
1546770460000,1,100.0,hadoop3,cpu0
1546770465000,0,100.0,hadoop2,cpu0
1546770465000,1,100.0,hadoop3,cpu0
1546770470000,0,100.0,hadoop2,cpu0
1546770475000,0,100.0,hadoop2,cpu0
1546770475000,1,100.0,hadoop3,cpu0
1546770480000,0,100.0,hadoop2,cpu0
1546770480000,1,100.0,hadoop3,cpu0
1546770485000,0,100.0,hadoop2,cpu0
1546770485000,1,100.0,hadoop3,cpu0
1546770490000,0,100.0,hadoop2,cpu0
1546770490000,1,100.0,hadoop3,cpu0
1546770495000,0,100.0,hadoop2,cpu0
1546770495000,1,100.0,hadoop3,cpu0
1546770500000,0,100.0,hadoop2,cpu0
1546770500000,1,100.0,hadoop3,cpu0
1546770505000,0,100.0,hadoop2,cpu0
1546770505000,1,100.0,hadoop3,cpu0
1546770510000,0,100.0,hadoop2,cpu0
1546770510000,1,100.0,hadoop3,cpu0
1546770515000,0,100.0,hadoop2,cpu0
1546770515000,1,100.0,hadoop3,cpu0
1546770520000,0,100.0,hadoop2,cpu0
1546770520000,1,100.0,hadoop3,cpu0
1546770525000,0,100.0,hadoop2,cpu0
1546770525000,1,100.0,hadoop3,cpu0
1546770530000,0,100.0,hadoop2,cpu0
1546770530000,1,100.0,hadoop3,cpu0
1546770535000,0,100.0,hadoop2,cpu0
1546770535000,1,100.0,hadoop3,cpu0
1546770540000,0,100.0,hadoop2,cpu0
1546770540000,1,100.0,hadoop3,cpu0
1546770545000,0,100.0,hadoop2,cpu0
1546770545000,1,100.0,hadoop3,cpu0
1546770550000,0,100.0,hadoop2,cpu0
1546770550000,1,100.0,hadoop3,cpu0
1546770555000,0,100.0,hadoop2,cpu0
1546770555000,1,100.0,hadoop3,cpu0
1546770560000,0,100.0,hadoop2,cpu0
1546770560000,1,100.0,hadoop3,cpu0
1546770565000,0,100.0,hadoop2,cpu0
1546770565000,1,100.0,hadoop3,cpu0
1546770570000,0,100.0,hadoop2,cpu0
1546770570000,1,100.0,hadoop3,cpu0
1546770575000,0,100.0,hadoop2,cpu0
1546770575000,1,100.0,hadoop3,cpu0
1546770580000,0,100.0,hadoop2,cpu0
1546770580000,1,100.0,hadoop3,cpu0
1546770585000,0,100.0,hadoop2,cpu0
1546770585000,1,100.0,hadoop3,cpu0
1546770590000,0,100.0,hadoop2,cpu0
1546770590000,1,100.0,hadoop3,cpu0
1546770595000,0,100.0,hadoop2,cpu0
1546770595000,1,100.0,hadoop3,cpu0
1546770600000,0,100.0,hadoop2,cpu0
1546770600000,1,100.0,hadoop3,cpu0
1546770605000,0,100.0,hadoop2,cpu0
1546770605000,1,100.0,hadoop3,cpu0
1546770610000,0,100.0,hadoop2,cpu0
1546770610000,1,100.0,hadoop3,cpu0
1546770615000,0,100.0,hadoop2,cpu0
1546770615000,1,100.0,hadoop3,cpu0
1546770620000,0,83.7067209776,hadoop2,cpu0
1546770620000,1,97.8,hadoop3,cpu0
1546770625000,0,94.9799196787,hadoop2,cpu0
1546770625000,1,100.0,hadoop3,cpu0
1546770630000,0,100.0,hadoop2,cpu0
1546770630000,1,100.0,hadoop3,cpu0
1546770635000,0,100.0,hadoop2,cpu0
1546770635000,1,100.0,hadoop3,cpu0
1546770640000,0,100.0,hadoop2,cpu0
1546770640000,1,100.0,hadoop3,cpu0
1546770645000,0,100.0,hadoop2,cpu0
1546770645000,1,100.0,hadoop3,cpu0
1546770650000,0,100.0,hadoop2,cpu0
1546770650000,1,100.0,hadoop3,cpu0
1546770655000,0,100.0,hadoop2,cpu0
1546770655000,1,100.0,hadoop3,cpu0
1546770660000,0,100.0,hadoop2,cpu0
1546770660000,1,100.0,hadoop3,cpu0
1546770665000,0,100.0,hadoop2,cpu0
1546770665000,1,100.0,hadoop3,cpu0
1546770670000,0,100.0,hadoop2,cpu0
1546770670000,1,100.0,hadoop3,cpu0
1546770675000,0,100.0,hadoop2,cpu0
1546770675000,1,100.0,hadoop3,cpu0
1546770680000,0,100.0,hadoop2,cpu0
1546770680000,1,100.0,hadoop3,cpu0
1546770685000,0,100.0,hadoop2,cpu0
1546770685000,1,100.0,hadoop3,cpu0
1546770690000,0,100.0,hadoop2,cpu0
1546770690000,1,100.0,hadoop3,cpu0
1546770695000,0,100.0,hadoop2,cpu0
1546770695000,1,100.0,hadoop3,cpu0
1546770700000,0,100.0,hadoop2,cpu0
1546770700000,1,100.0,hadoop3,cpu0
1546770705000,0,100.0,hadoop2,cpu0
1546770705000,1,100.0,hadoop3,cpu0
1546770710000,0,100.0,hadoop2,cpu0
1546770710000,1,100.0,hadoop3,cpu0
1546770715000,0,100.0,hadoop2,cpu0
1546770715000,1,100.0,hadoop3,cpu0
1546770720000,0,100.0,hadoop2,cpu0
1546770720000,1,100.0,hadoop3,cpu0
1546770725000,0,100.0,hadoop2,cpu0
1546770725000,1,100.0,hadoop3,cpu0
1546770730000,0,100.0,hadoop2,cpu0
1546770730000,1,100.0,hadoop3,cpu0
1546770735000,0,89.1836734694,hadoop2,cpu0
1546770735000,1,100.0,hadoop3,cpu0
1546770740000,0,100.0,hadoop2,cpu0
1546770740000,1,100.0,hadoop3,cpu0
1546770745000,0,100.0,hadoop2,cpu0
1546770745000,1,100.0,hadoop3,cpu0
1546770750000,0,100.0,hadoop2,cpu0
1546770750000,1,100.0,hadoop3,cpu0
1546770755000,0,100.0,hadoop2,cpu0
1546770755000,1,100.0,hadoop3,cpu0
1546770760000,0,100.0,hadoop2,cpu0
1546770760000,1,100.0,hadoop3,cpu0
1546770765000,0,100.0,hadoop2,cpu0
1546770765000,1,100.0,hadoop3,cpu0
1546770770000,0,100.0,hadoop2,cpu0
1546770770000,1,100.0,hadoop3,cpu0
1546770775000,0,100.0,hadoop2,cpu0
1546770775000,1,100.0,hadoop3,cpu0
1546770780000,0,100.0,hadoop2,cpu0
1546770780000,1,100.0,hadoop3,cpu0
1546770785000,0,100.0,hadoop2,cpu0
1546770785000,1,100.0,hadoop3,cpu0
1546770790000,0,100.0,hadoop2,cpu0
1546770790000,1,100.0,hadoop3,cpu0
1546770795000,0,100.0,hadoop2,cpu0
1546770795000,1,89.3574297189,hadoop3,cpu0
1546770800000,0,100.0,hadoop2,cpu0
1546770800000,1,58.2661290323,hadoop3,cpu0
1546770805000,0,100.0,hadoop2,cpu0
1546770805000,1,2.21327967807,hadoop3,cpu0
1546770810000,0,100.0,hadoop2,cpu0
1546770810000,1,46.5863453815,hadoop3,cpu0
1546770815000,0,64.837398374,hadoop2,cpu0
1546770815000,1,10.162601626,hadoop3,cpu0
1546770820000,0,65.306122449,hadoop2,cpu0
1546770820000,1,5.66801619433,hadoop3,cpu0
1546770825000,1,43.5483870968,hadoop3,cpu0</pre>
    <pre id="csv_cpu_overall" style="display: none">x,idle,user,system,iowait,others
1546770030000,97.9797979798,0.20202020202,0.20202020202,1.61616161616,0.0
1546770035000,83.6755268497,0.816668736803,2.05916449302,12.317310479,1.13132944148
1546770040000,63.6883687385,1.11296879098,3.95931681091,29.9182074482,1.32113821138
1546770045000,53.537792411,20.2016137227,3.4331239965,22.625856147,0.20161372274
1546770050000,22.3883534137,52.7638554217,6.21606425703,17.7313253012,0.900401606426
1546770055000,13.5080645161,75.9176023885,7.04732426819,2.92338709677,0.603621730382
1546770060000,0.0,94.50499002,5.39520958084,0.0,0.0998003992016
1546770065000,0.0,94.3065868263,5.69341317365,0.0,0.0
1546770070000,0.0,93.6559807215,6.14259286305,0.0,0.201426415462
1546770075000,0.0,91.1312404545,8.67111178817,0.0,0.197647757323
1546770080000,0.0,90.2,9.8,0.0,0.0
1546770085000,0.0,89.121756487,10.878243513,0.0,0.0
1546770090000,0.0,90.5,9.3,0.0,0.2
1546770095000,0.0,90.9069860279,8.99321357285,0.0,0.0998003992016
1546770100000,0.0,92.7233183036,7.27668169637,0.0,0.0
1546770105000,0.0,92.9614173228,6.94015748031,0.0,0.0984251968504
1546770110000,0.0,91.6099800399,8.39001996008,0.0,0.0
1546770115000,0.0,91.722332228,7.8786649808,0.0,0.39900279123
1546770120000,0.0,92.2099800399,7.69021956088,0.0,0.0998003992016
1546770125000,0.0,93.8069860279,6.09321357285,0.0,0.0998003992016
1546770130000,0.0,82.789643458,12.6649019965,3.65418894831,0.891265597148
1546770135000,0.0,80.457687323,10.2089633434,6.92771084337,2.40563849022
1546770140000,0.0,79.9739198957,11.6096464386,8.11623246493,0.300201200805
1546770145000,0.0,88.9839847194,9.70956998727,1.10441767068,0.202027622686
1546770150000,0.0996015936255,81.8105626275,10.8905840054,6.99802416351,0.201227609886
1546770155000,0.0,91.0109780439,7.69161676647,1.19760479042,0.0998003992016
1546770160000,0.0,93.2135728543,6.78642714571,0.0,0.0
1546770165000,0.0,70.6520292748,15.2089759874,10.202020202,3.93697453578
1546770170000,15.0505050505,45.5115044973,11.547933698,27.2819472617,0.608109492491
1546770175000,0.0,82.1767287069,14.817259269,2.60521042084,0.400801603206
1546770180000,12.3493975904,76.6479090013,10.6028906043,0.0,0.39980280403
1546770185000,0.0,84.4690763052,13.1224899598,2.00803212851,0.400401606426
1546770190000,0.0,90.5189620758,9.38123752495,0.0,0.0998003992016
1546770195000,0.0,93.3063872255,6.59381237525,0.0,0.0998003992016
1546770200000,0.0,94.3013772055,5.69862279449,0.0,0.0
1546770205000,0.0,94.8159457976,5.08445260873,0.0,0.0996015936255
1546770210000,0.0,94.0,6.0,0.0,0.0
1546770215000,0.0,93.2069860279,6.49321357285,0.0,0.299800399202
1546770220000,0.0,91.0179640719,8.68263473054,0.0,0.299401197605
1546770225000,0.0,90.7185628743,9.28143712575,0.0,0.0
1546770230000,0.0,94.2003768015,5.79962319849,0.0,0.0
1546770235000,0.0,93.420529459,6.18066655534,0.0,0.398803985654
1546770240000,0.0,92.1095808383,7.69081836327,0.0,0.199600798403
1546770245000,0.0,94.4007776031,5.49942199769,0.0,0.0998003992016
1546770250000,2.09580838323,90.3193612774,7.28542914172,0.0,0.299401197605
1546770255000,35.9183673469,46.2880863768,4.53662426895,12.9544803894,0.30244161793
1546770260000,63.2502577062,3.98239284408,9.46945765304,20.2417866525,3.05610514415
1546770265000,39.7565922921,4.38340853583,3.15953967794,52.4969987995,0.203460694623
1546770270000,41.9204313069,24.5299621987,4.38557352668,28.5505360352,0.613496932515
1546770275000,49.6957527078,37.2514299623,2.61105026165,10.4417670683,0.0
1546770280000,38.5262261166,40.1052695631,8.45746622855,12.6086162833,0.302421808446
1546770285000,0.0,89.4,10.4,0.0,0.2
1546770290000,0.0,94.4111776447,5.58882235529,0.0,0.0
1546770295000,0.0,93.9069860279,5.89321357285,0.0,0.199800399202
1546770300000,0.0,93.1,6.5,0.0,0.4
1546770305000,0.0,94.8103792415,5.08982035928,0.0,0.0998003992016
1546770310000,0.0,94.7955911824,5.20440881764,0.0,0.0
1546770315000,0.0,75.1481412176,14.6956087824,5.859375,4.296875
1546770320000,0.0,58.0675491123,13.4993171552,23.0701754386,5.36295829394
1546770325000,0.0,34.3935294088,25.8439288881,37.9865371113,1.77600459183
1546770330000,0.0,31.2311740891,41.7469635628,24.8987854251,2.12307692308
1546770335000,4.0733197556,21.9672413299,24.9117925475,46.8306785725,2.21696779455
1546770340000,0.0,53.5180650844,32.9630213258,10.2226720648,3.29624152505
1546770345000,0.0,53.2294129177,32.9569318277,10.120240481,3.69341477366
1546770350000,0.0,68.2418837675,24.3432865731,5.71142284569,1.70340681363
1546770355000,0.0,53.4148296593,15.6234468938,29.2585170341,1.70320641283
1546770360000,0.0,58.492087989,15.954071239,24.9484536082,0.605387163817
1546770365000,0.0,53.4204882161,13.4606563271,32.298136646,0.820718810826
1546770370000,0.0,49.812811294,14.4916630933,35.1832305307,0.512295081967
1546770375000,0.0,21.1130058466,11.8687664794,64.1758855898,2.84234208415
1546770380000,0.0,21.1057509717,14.067739772,64.222887526,0.603621730382
1546770385000,0.0,10.3274259247,4.86745286118,84.301088956,0.504032258065
1546770390000,0.0,3.86634884307,2.84801890417,93.2856322528,0.0
1546770395000,0.0,34.3042671614,13.823953824,51.361574933,0.510204081633
1546770400000,0.0,15.2135834091,7.41923490044,76.9590184252,0.408163265306
1546770405000,0.0,13.067693335,5.51270815074,81.1134760653,0.30612244898
1546770410000,0.0,14.178109863,6.7280580094,78.686500152,0.40733197556
1546770415000,0.0,9.39029317073,4.18473213133,86.1194757163,0.30549898167
1546770420000,0.0,17.4201332402,4.70690080588,77.4631247465,0.409841207442
1546770425000,0.0,32.4266986722,5.01973578559,62.5535655422,0.0
1546770430000,0.0,47.1575709482,3.9212758821,48.7158143606,0.205338809035
1546770435000,0.100806451613,37.5123185073,4.75227481769,57.6346002234,0.0
1546770440000,0.0,36.418565015,4.76076654473,58.7198619887,0.100806451613
1546770445000,0.0,29.3904678436,4.18638621093,66.4231459455,0.0
1546770450000,0.0,47.014863578,3.14205274707,49.639589285,0.203494389931
1546770455000,0.0,28.7277419249,3.22430250534,67.8471523569,0.200803212851
1546770460000,0.0,36.3581488934,2.73066973268,60.911181374,0.0
1546770465000,0.0,40.1001189371,8.74024471708,50.9592355443,0.200400801603
1546770470000,0.0,2.45901639344,1.22950819672,96.3114754098,0.0
1546770475000,0.0,6.19558429154,5.7082154709,85.8007910559,2.29540918164
1546770480000,0.0,34.4560588463,12.0257452575,50.4403794038,3.07781649245
1546770485000,0.0,35.753184988,12.9019738301,48.2510288066,3.09381237525
1546770490000,0.0,35.7894783052,13.5750847249,48.4756097561,2.15982721382
1546770495000,0.0,26.1137783812,13.3107455997,58.0553147288,2.52016129032
1546770500000,0.0,8.0460689098,15.1800592483,73.8813098584,2.89256198347
1546770505000,0.0,13.9258815901,10.5709761085,72.9624918949,2.5406504065
1546770510000,0.0,2.14580834333,4.50569772091,91.1976875916,2.15080634413
1546770515000,0.0,7.8087566259,6.99904002671,82.7179765433,2.47422680412
1546770520000,0.0,4.13921585232,3.7293589635,91.1978152257,0.933609958506
1546770525000,0.0,11.1307054801,13.4876182907,74.5647152331,0.816960996167
1546770530000,0.0,15.5271967048,15.3226977273,68.7444260547,0.405679513185
1546770535000,0.0,8.12375290988,9.35172098437,82.3183405387,0.20618556701
1546770540000,0.0,11.0935996001,11.705010679,76.8963038548,0.305085866076
1546770545000,0.0,7.12714914034,4.98550579768,87.5824670132,0.30487804878
1546770550000,0.0,34.0944888383,10.8178092246,54.8846309262,0.203071010943
1546770555000,0.0,55.9883817427,7.92323651452,35.9883817427,0.1
1546770560000,0.0,49.9012348746,7.57551287467,42.1161825726,0.407069678071
1546770565000,0.0,52.5641975309,5.97777777778,41.2551440329,0.202880658436
1546770570000,0.0,23.3206218833,4.09483300507,72.4818757072,0.102669404517
1546770575000,0.0,25.4167188348,4.59475814866,69.7842327115,0.204290305079
1546770580000,0.0,75.118519868,8.04032307038,16.64075626,0.200400801603
1546770585000,0.0,78.2087596782,10.0820786175,11.5071283096,0.202033394692
1546770590000,0.0,87.6921843687,8.40761523046,3.7,0.200200400802
1546770595000,0.0,94.0123505976,5.78804780876,0.1,0.0996015936255
1546770600000,0.0,87.4869739479,11.0130260521,1.4,0.1
1546770605000,0.0,71.9186373703,13.4817585923,13.2860040568,1.31359998057
1546770610000,0.0,60.7481612013,11.0753141281,26.6346153846,1.54190928593
1546770615000,0.0,52.6827782876,8.4055174003,38.6036960986,0.308008213552
1546770620000,9.2466395112,54.466802444,7.77515274949,28.3095723014,0.20183299389
1546770625000,2.51004016064,80.4427289998,11.7265469062,5.22088353414,0.0998003992016
1546770630000,0.0,89.5087824351,10.0914171657,0.0,0.399800399202
1546770635000,0.0,89.5,10.3,0.0,0.2
1546770640000,0.0,92.7145708583,7.08582834331,0.0,0.199600798403
1546770645000,0.0,89.6101796407,10.1902195609,0.0,0.199600798403
1546770650000,0.0,88.5274900398,10.7749003984,0.298804780876,0.398804780876
1546770655000,0.0,91.0,8.9,0.0,0.1
1546770660000,0.0,92.4151696607,7.48502994012,0.0,0.0998003992016
1546770665000,0.0,92.5,7.5,0.0,0.0
1546770670000,0.0,88.2235528942,11.2774451098,0.0,0.499001996008
1546770675000,0.0,92.4,7.3,0.0,0.3
1546770680000,0.0,91.6239234678,8.07687414017,0.0,0.299202392029
1546770685000,0.0,89.2099800399,10.4902195609,0.0,0.299800399202
1546770690000,0.0,90.3,9.5,0.0,0.2
1546770695000,0.0,91.1099800399,8.79021956088,0.0,0.0998003992016
1546770700000,0.0,93.0055888224,6.69481037924,0.0,0.299600798403
1546770705000,0.0,90.119760479,9.68063872255,0.0,0.199600798403
1546770710000,0.0,88.3,11.3,0.0,0.4
1546770715000,0.0,93.2071856287,6.69301397206,0.0,0.0998003992016
1546770720000,0.0,92.3153692615,7.28542914172,0.0,0.399201596806
1546770725000,0.0,89.5,10.3,0.0,0.2
1546770730000,0.0,91.2175648703,8.38323353293,0.0,0.399201596806
1546770735000,5.40816326531,62.9346938776,7.78571428571,23.2653061224,0.60612244898
1546770740000,0.0,83.2909331637,13.8044552178,2.50501002004,0.399601598406
1546770745000,0.0,89.5289103069,10.1718873011,0.0,0.299202392029
1546770750000,0.0,91.8,8.0,0.0,0.2
1546770755000,0.0,93.2079840319,6.59241516966,0.0,0.199600798403
1546770760000,0.0,93.90499002,5.89500998004,0.0,0.2
1546770765000,0.0,93.4989739959,6.4012256049,0.0,0.0998003992016
1546770770000,0.0,93.9121756487,5.78842315369,0.0,0.299401197605
1546770775000,0.0,92.6913827655,6.80761523046,0.0,0.501002004008
1546770780000,0.0,90.5061876248,9.19401197605,0.0,0.299800399202
1546770785000,0.0,91.4,8.3,0.0,0.3
1546770790000,0.0,91.8358114784,7.66637698758,0.0,0.49781153399
1546770795000,5.32128514056,86.8542305495,7.12187427063,0.502008032129,0.200602007227
1546770800000,20.8669354839,74.3232714304,4.40777213726,0.201612903226,0.200408045238
1546770805000,48.893360161,46.4788732394,3.21931589537,1.20724346076,0.201207243461
1546770810000,26.7068273092,28.8509138595,5.47578067372,38.8644373412,0.102040816327
1546770815000,62.5,5.79268292683,1.93089430894,29.674796748,0.10162601626
1546770820000,64.5129306783,4.1811947451,1.52978600347,29.6748739982,0.101214574899
1546770825000,56.4516129032,0.604838709677,1.00806451613,41.935483871,0.0</pre>
    <pre id="csv_network_heatmap" style="display: none">x,y,value,hostname,adapterid
1546770030000,0,26083.4,hadoop2,ens33.recv
1546770030000,1,5568.0,hadoop2,ens33.send
1546770035000,0,11129398.2,hadoop2,ens33.recv
