<!DOCTYPE html>
<html>
  <head>
    <meta http-equiv="content-type" content="text/html; charset=UTF-8">
    <title>System monitor report of HadoopPagerank</title>
    <style TYPE="text/css">
      .highcharts-tooltip>span {
	background: rgba(255,255,255,0.85);
	border: 1px solid silver;
	border-radius: 3px;
	box-shadow: 1px 1px 2px #888;
	padding: 8px;
	z-index: 2;
      }
    </style>
    <script type='text/javascript' src='https://ajax.aspnetcdn.com/ajax/jQuery/jquery-1.7.2.min.js'></script>
    <script src="http://code.highcharts.com/highcharts.js"></script>
    <script src="http://code.highcharts.com/modules/data.js"></script>
    <script src="http://code.highcharts.com/modules/heatmap.js"></script>
    <script src="http://code.highcharts.com/modules/exporting.js"></script>

    <script type='text/javascript'>
    Object.defineProperty(Number.prototype,'fileSize',{value:function(a,b,c,d){
	return (a=a?[1e3,'k','B']:[1024,'K','iB'],b=Math,c=b.log,
		d=c(this)/c(a[0])|0,this/b.pow(a[0],d)).toFixed(2)
	    +(d?(a[1]+'MGTPEZY')[--d]+a[2]:'Bytes');
    },writable:false,enumerable:false});

    function parse_events(){
	var data = document.getElementById("csv_events").innerHTML;
	var events=[];
	var csv_header = [];
	$.each(data.split('\n'), function(lineNo, line){
	    var items = line.split(',');
	    if (lineNo==0){
		$.each(items, function(itemNo, item){
		    csv_header.push(item);
		});
	    }else {
		value = [];
		$.each(items, function(itemNo, item){
		    if (itemNo == 0){ // 0 -> timestamp
			item = parseFloat(item);
		    }
//		    value[csv_header[itemNo]] = item;
		    value.push(item);
		});
		events.push({color: 'red',
			     dashStyle: 'longdashdot',
			     value: value[0],
			     label:{
				 useHTML: true,
				 text:value[1],
				 align:'left'
			     },
			     width: 2});
	    }
	});
	return events;
    }

function merge_options(obj1,obj2){
    var obj3 = {};
    for (var attrname in obj1) { obj3[attrname] = obj1[attrname]; }
    for (var attrname in obj2) { obj3[attrname] = obj2[attrname]; }
    return obj3;
}

function gen_overall_options(suffix, title, yAxis_desc, plot_options, plot_events, chart_type){
    var data = document.getElementById("csv_"+suffix).innerHTML;
    var csv_header = [];
	
    var series=[];
    var yaxis=0;
    $.each(data.split('\n'), function(lineNo, line){
	var items = line.split(',');
	if (lineNo==0){
	    $.each(items, function(itemNo, item){
		if (item[0]=='|'){ // new axis
		    item = item.substring(1);
		    yaxis +=1;
		}
		csv_header.push(item);
		series.push({name:item, yAxis: yaxis, data:[],
			     tooltip: yAxis_desc[yaxis].tooltip
			    })
	    });
	} else {
	    $.each(items, function(itemNo, item){
		if (itemNo>0){
		    series[itemNo].data.push([parseFloat(items[0]), parseFloat(item)])
		}
	    });
	}
    });
    series.splice(0,1);
    var options = {
	chart: merge_options({
	    renderTo: 'container_'+suffix,
	},
			     chart_type),
	title: {
	    text: title
	},
	// tooltip: {
	// 	pointFormat: '<span style="color:{series.color}">{series.name}</span>: <b>{point.percentage:.1f}%</b> ({point.y:,.0f})<br/>',
        // shared: true
        // },
	
	
	plotOptions: plot_options,
	
	xAxis: {
	    type: 'datetime',
	    tickmarkPlacement: 'on',
	    labels: {
                align: 'left',
                x: 5,
                format: '{value:%M:%S}'
	    },
	    plotLines: plot_events,
	    title: {
                enabled: false
	    }
	},
	yAxis: yAxis_desc,
	series: series
    };
    //	console.log(options.series)

    var newchart = new Highcharts.Chart(options);
}

function gen_heatmap_options(suffix, title, yAxis_desc, colorAxis_desc, series_desc){
    
    var data = document.getElementById("csv_"+suffix).innerHTML;
    var csv_header = [];
	
    var series=[];
    var yaxis=0;

    var options = {
	chart: {
	    renderTo: 'container_'+suffix,
	    type: 'heatmap',
	    margin: [60, 10, 80, 70]
	},
	title: {
	    text: title
	},
	tooltip: {
	    backgroundColor: null,
	    borderWidth: 0,
	    distance: 10,
	    shadow: false,
	    useHTML: true,
	    style: {
                padding: 0,
                color: 'black'
	    }
        },
	xAxis: {
	    type: 'datetime',
	    labels: {
                align: 'left',
                x: 5,
                format: '{value:%M:%S}'
	    },
	    showLastLabel: false,
	    tickLength: 16
	},
	yAxis: yAxis_desc,
	colorAxis: merge_options({
	    stops: [
                [0, '#3060cf'],
                [0.5, '#fffbbc'],
                [0.9, '#c4463a'],
                [1, '#c4463a']
	    ],
	    startOnTick: false,
	    endOnTick: false,
	    labels: {
                format: '{value}%'
	    }
	},
				 colorAxis_desc),
	series: [merge_options({
	    name : 'CPU usage',
	    borderWidth: 1,
	    nullColor: '#EFEFEF',
	    colsize: 5000.0, // 1s
	    tooltip: {
                headerFormat: 'CPU Usage<br/>',
                pointFormat: '{point.x%Y-%m-%d %H:%M:%S}<br/>{point.hostname}.{point.coreid}<br/><b>{point.value:%.2f} %</b>'
	    },
	    turboThreshold: Number.MAX_VALUE,
	    data: []
	}, series_desc)]
    };
    
    var data =  document.getElementById('csv_'+suffix).innerHTML;
    // Split the lines
    var lines = data.split('\n');
    var csv_header = [];
    var max_value = 0;
    var min_value = -1;
    $.each(lines, function(lineNo, line) {
	var items = line.split(',');
	    
	// header line containes categories
	if (lineNo == 0) {
	    $.each(items, function(itemNo, item){
		csv_header.push(item);
	    });
	} else { // the rest of the lines contain data with their name in the first position
	    var series_data = {};
	    $.each(items, function(itemNo, item) {
		var value;
		if (itemNo <= 2) {
		    value = parseFloat(item);
		    if (itemNo == 2){
			if (max_value< value) max_value = value;		
			if ((min_value<0) || ( min_value>value)) min_value = value;
		    }
		} else {
		    value = item;
		}
		series_data[csv_header[itemNo]] = value;
	    });
	    options.series[0].data.push(series_data);
	}
    }  );
    if (!("max" in colorAxis_desc)){
	options.colorAxis.max = max_value;
    }
    if (!("min" in colorAxis_desc)){
	options.colorAxis,min = min_value;
    }


    var newchart = new Highcharts.Chart(options);
}

    $(function() {

	/**
	 * This plugin extends Highcharts in two ways:
	 * - Use HTML5 canvas instead of SVG for rendering of the heatmap squares. Canvas
	 *   outperforms SVG when it comes to thousands of single shapes.
	 * - Add a K-D-tree to find the nearest point on mouse move. Since we no longer have SVG shapes
	 *   to capture mouseovers, we need another way of detecting hover points for the tooltip.
	 */
	(function (H) {
            var wrap = H.wrap,
            seriesTypes = H.seriesTypes;
	    
            /**
             * Get the canvas context for a series
             */
            H.Series.prototype.getContext = function () {
		var canvas;
		if (!this.ctx) {
                    canvas = document.createElement('canvas');
                    canvas.setAttribute('width', this.chart.plotWidth);
                    canvas.setAttribute('height', this.chart.plotHeight);
                    canvas.style.position = 'absolute';
                    canvas.style.left = this.group.translateX + 'px';
                    canvas.style.top = this.group.translateY + 'px';
                    canvas.style.zIndex = 0;
                    canvas.style.cursor = 'crosshair';
                    this.chart.container.appendChild(canvas);
                    if (canvas.getContext) {
			this.ctx = canvas.getContext('2d');
                    }
		}
		return this.ctx;
            }

            /**
             * Wrap the drawPoints method to draw the points in canvas instead of the slower SVG,
             * that requires one shape each point.
             */
            H.wrap(H.seriesTypes.heatmap.prototype, 'drawPoints', function (proceed) {
		
		var ctx;
		if (this.chart.renderer.forExport) {
                    // Run SVG shapes
                    proceed.call(this);
		    
		} else {
		    
                    if (ctx = this.getContext()) {
			
			// draw the columns
			H.each(this.points, function (point) {
                            var plotY = point.plotY,
                            shapeArgs;
			    
                            if (plotY !== undefined && !isNaN(plotY) && point.y !== null) {
				shapeArgs = point.shapeArgs;
				pointAttr = (point.pointAttr && point.pointAttr['']) || point.series.pointAttribs(point);
				
				ctx.fillStyle = pointAttr.fill;
				ctx.fillRect(shapeArgs.x, shapeArgs.y, shapeArgs.width, shapeArgs.height);
                            }
			});
			
                    } else {
			this.chart.showLoading("Your browser doesn't support HTML5 canvas, <br>please use a modern browser");
			
			// Uncomment this to provide low-level (slow) support in oldIE. It will cause script errors on
			// charts with more than a few thousand points.
			//proceed.call(this);
                    }
		}
            });
	}(Highcharts));


//	var chart_cpu_heatmap = new Highcharts.Chart(options);
	var events = parse_events();

	// generate heatmaps
	// generate cpu heatmap
	gen_heatmap_options("cpu_heatmap", "CPU usage heatmap", 
			    {
				title: {
				    text: null
				},
				labels: {
				    formatter: function(){
					return 'Core-'+this.value;
				    }
				},
				minPadding: 0,
				maxPadding: 0,
				startOnTick: false,
				endOnTick: false,
				tickWidth: 1,
				min: 0,
			    },
			    {min:0, max:100, labels:{format:'{value}%'}},
			    {name : 'CPU Usage',
			     tooltip:{
				 headerFormat: 'CPU Usage<br/>',
				 pointFormat: '{point.x:%Y-%m-%d %H:%M:%S}<br/>{point.hostname}.{point.coreid}<br/><b>{point.value:%.2f} %</b>'
			     }});

	// generate network throughputs heatmap
	gen_heatmap_options("network_heatmap", "Network throughputs heatmap", 
			    {
				title: {
				    text: null
				},
				labels: {
				    formatter: function(){
					return  'Eth-'+this.value;
				    }
				},
				minPadding: 0,
				maxPadding: 0,
				startOnTick: false,
				endOnTick: false,
				tickWidth: 1,
				min: 0,
			    },
			    {labels:{format:'{value}'}},
			    {name : 'Network throughputs',
			     tooltip:{
				 headerFormat: 'Network throughputs<br/>',
				 pointFormatter: function () {
				     return Highcharts.dateFormat("%Y-%m-%d %H:%M:%S",this.x)+'<br/>'+this.hostname+"."+this.adapterid+'<br/><b>'+this.value.fileSize()+'</b>';}
			     }}
			    );

	// generate disk io throughputs heatmap
	gen_heatmap_options("diskio_heatmap", "Disk throughputs heatmap", 
			    {
				title: {
				    text: null
				},
				labels: {
				    formatter: function (){
					return 'Disk-'+this.value;
				    }
				},
				minPadding: 0,
				maxPadding: 0,
				startOnTick: false,
				endOnTick: false,
				tickWidth: 1,
				min: 0,
			    },
			    {labels:{format: '{value}'}},
			    {name : 'DiskIO throughputs',
			     tooltip:{
				 headerFormat: 'DiskIO throughputs<br/>',
				 pointFormatter: function () {
				     return Highcharts.dateFormat("%Y-%m-%d %H:%M:%S",this.x)+'<br/>'+this.hostname+"."+this.diskid+'<br/><b>'+this.value.fileSize()+'</b>';}
			     }});

	// generate memory usage heatmap
	gen_heatmap_options("memory_heatmap", "Memory usage heatmap", 
			    {
				title: {
				    text: null
				},
				labels: {
				    formatter: function () {
					return 'Node-'+this.value;
				    }
				},
				minPadding: 0,
				maxPadding: 0,
				startOnTick: false,
				endOnTick: false,
				tickWidth: 1,
				min: 0,
			    },
			    {labels:{formatter: function (){ return this.value.fileSize();}}},
			    {name : 'Memory Usage',
			     tooltip:{
				 headerFormat: 'Memory Usage<br/>',
				 pointFormatter: function () {
				     return Highcharts.dateFormat("%Y-%m-%d %H:%M:%S",this.x)+'<br/>'+this.hostname+'<br/><b>'+this.value.fileSize()+'</b>';}
			     }});

	// generate proc numbers heatmap
	gen_heatmap_options("procload_heatmap", "Process numbers heatmap", 
			    {
				title: {
				    text: null
				},
				labels: {
				    formatter: function () {
					return  'Node-'+ this.value;
				    }
				},
				minPadding: 0,
				maxPadding: 0,
				startOnTick: false,
				endOnTick: false,
				tickWidth: 1,
				min: 0,
			    },
			    {labels:{format:'{value}'}},
			    {name : 'Process(/Thread) numbers',
			     tooltip:{
				 headerFormat: 'Process numbers<br/>',
				 pointFormatter: function () {
				     return Highcharts.dateFormat("%Y-%m-%d %H:%M:%S",this.x)+'<br/>'+this.hostname+'<br/><b>'+this.value+'</b>';}
			     }}
			   );
	

	// load cpu overall
	gen_overall_options("cpu_overall", "Summarized CPU usage",
			    [{	// yaxis
				title: {
				    text: 'Percent'
				},
				tooltip: {
				    pointFormat: '<span style="color:{series.color}">{series.name}</span>: <b>{point.percentage:.1f}%</b>)<br/>',
				},
			    }], 
			    {	// plot options
				area: {
				    stacking: 'percent',
				    lineColor: '#ffffff',
				    lineWidth: 1,
				    marker: {
					lineWidth: 1,
					lineColor: '#ffffff'
				    }
				}
			    },
			    events,
			    {	// chart type
			    	type: 'area',
			    }
			   );

	// load network overall
	gen_overall_options("network_overall", "Summarized Network throughputs & Packet-per-seconds", 
			    [	// yaxis
				{
				    title:{
					text: "Throughput Per Second"
				    },
				    tooltip: {
					pointFormatter: function () {
					    return '<span style="color:'+this.series.color+'">'+this.series.name+'</span>: <b>' + this.y.fileSize()+'</b>)<br/>';
					}
				    },
				    labels: {
					formatter: function() {
					    return this.value.fileSize();
					    }
					}
				},
				{
				    title:{
					text: "Packets Per Second"
				    },
				    tooltip: {
					pointFormat: '<span style="color:{series.color}">{series.name}</span>: <b>{point.y:.0f} packets</b>)<br/>',
				    },
				    opposite: true,
				    reversed: true
				},
			    ],
			    {},	// plot options
			    events,
			    {	// chart type
			    	type: 'area',
			    }
			   );

	// load diskio overall
	gen_overall_options("diskio_overall", "Summarized Disk throughputs & IOPS",
			    [	// yaxis
				{
				    title:{
					text: "Throughput Per Second"
				    },
				    tooltip: {
					pointFormatter: function () {
					    return '<span style="color:'+this.series.color +'">'+this.series.name+'</span>: <b>' + this.y.fileSize()+'</b>)<br/>';
					},
				    },
				    labels: {
					formatter: function() {
					    return this.value.fileSize();
					}
				    }
				},
				{
				    title:{
					text: "Operations Per Second"
				    },
				    tooltip: {
					pointFormat: '<span style="color:{series.color}">{series.name}</span>: <b>{point.y:.0f} IO</b>)<br/>',
				    },
				    opposite: true,
				    reversed: true
				}
			    ],
			    {},	// plot operations
			    events,
			    {	// chart type
			    	type: 'area',
			    }
			   );

	// load memory overall
	gen_overall_options("memory_overall", "Summarized Memory usage",
			    [{	// yaxis
				title: {
				    text: 'Percent'
				},
				tooltip: {
				    pointFormatter: function () {
					return '<span style="color:'+this.series.color+'">'+this.series.name+'</span>: <b>' + (this.y*1024).fileSize()+'</b>)<br/>';
				    }
				},
			    }], 
			    {	// plot options
				area: {
				    stacking: 'percent',
				    lineColor: '#ffffff',
				    lineWidth: 1,
				    marker: {
					lineWidth: 1,
					lineColor: '#ffffff'
				    }
				}
			    },
			    events,
			    {	// chart type
			    	type: 'area',
			    }
			   );

	// load procload overall
	gen_overall_options("procload_overall", "Summarized system load",
			    [{	// yaxis for loads
				title: {
				    text: 'load'
				},
				tooltip: {
				    pointFormat: '<span style="color:{series.color}">{series.name}</span>: <b>{point.y:0.2f}</b>)<br/>',
				},
			    },
			     {	// yaxis for running & total process
				 title: {
				     text: 'process number'
				 },
				 tooltip: {
				     pointFormat: '<span style="color:{series.color}">{series.name}</span>: <b>{point.y:.0f}</b>)<br/>',
				 },
				 opposite: true,
			    }], 
			    {	// plot options
			    },
			    events,
			     {	// chart type
			    }
			   );
    });
</script>
</head>
<body>
    <h1>Workload: HadoopPagerank</h1>
    
    <div id="container_cpu_heatmap" style="height: 800px; max-width: 1000px; margin: 0 auto"></div>
    <div id="container_cpu_overall" style="height: 400px; max-width: 1000px; margin: 0 auto"></div>
    
    <div id="container_network_heatmap" style="height: 800px; max-width: 1000px; margin: 0 auto"></div>
    <div id="container_network_overall" style="height: 400px; max-width: 1000px; margin: 0 auto"></div>

    <div id="container_diskio_heatmap" style="height: 800px; max-width: 1000px; margin: 0 auto"></div>
    <div id="container_diskio_overall" style="height: 400px; max-width: 1000px; margin: 0 auto"></div>
    
    <div id="container_memory_heatmap" style="height: 400px; max-width: 1000px; margin: 0 auto"></div>
    <div id="container_memory_overall" style="height: 400px; max-width: 1000px; margin: 0 auto"></div>

    <div id="container_procload_heatmap" style="height: 400px; max-width: 1000px; margin: 0 auto"></div>
    <div id="container_procload_overall" style="height: 400px; max-width: 1000px; margin: 0 auto"></div>

    <pre id="csv_cpu_heatmap" style="display: none">x,y,value,hostname,coreid
1546766865000,0,2.42914979757,hadoop2,cpu0
1546766865000,1,67.1370967742,hadoop3,cpu0
1546766870000,0,0.403225806452,hadoop2,cpu0
1546766870000,1,87.1743486974,hadoop3,cpu0
1546766875000,0,92.0,hadoop2,cpu0
1546766875000,1,100.0,hadoop3,cpu0
1546766880000,0,100.0,hadoop2,cpu0
1546766880000,1,100.0,hadoop3,cpu0
1546766885000,0,100.0,hadoop2,cpu0
1546766885000,1,100.0,hadoop3,cpu0
1546766890000,0,100.0,hadoop2,cpu0
1546766890000,1,100.0,hadoop3,cpu0
1546766895000,0,100.0,hadoop2,cpu0
1546766900000,1,100.0,hadoop3,cpu0
1546766905000,0,100.0,hadoop2,cpu0
1546766905000,1,100.0,hadoop3,cpu0
1546766910000,1,100.0,hadoop3,cpu0
1546766915000,0,100.0,hadoop2,cpu0
1546766915000,1,100.0,hadoop3,cpu0
1546766920000,0,100.0,hadoop2,cpu0
1546766920000,1,100.0,hadoop3,cpu0
1546766925000,0,100.0,hadoop2,cpu0
1546766925000,1,100.0,hadoop3,cpu0
1546766930000,0,100.0,hadoop2,cpu0
1546766930000,1,100.0,hadoop3,cpu0
1546766935000,0,100.0,hadoop2,cpu0
1546766935000,1,100.0,hadoop3,cpu0
1546766940000,0,100.0,hadoop2,cpu0
1546766940000,1,100.0,hadoop3,cpu0
1546766945000,0,100.0,hadoop2,cpu0
1546766945000,1,100.0,hadoop3,cpu0
1546766950000,0,100.0,hadoop2,cpu0
1546766950000,1,100.0,hadoop3,cpu0
1546766955000,0,100.0,hadoop2,cpu0
1546766955000,1,100.0,hadoop3,cpu0
1546766960000,0,100.0,hadoop2,cpu0
1546766960000,1,100.0,hadoop3,cpu0
1546766965000,0,100.0,hadoop2,cpu0
1546766965000,1,100.0,hadoop3,cpu0
1546766970000,0,100.0,hadoop2,cpu0
1546766970000,1,100.0,hadoop3,cpu0
1546766975000,0,100.0,hadoop2,cpu0
1546766975000,1,100.0,hadoop3,cpu0
1546766980000,0,100.0,hadoop2,cpu0
1546766980000,1,100.0,hadoop3,cpu0
1546766985000,0,100.0,hadoop2,cpu0
1546766985000,1,100.0,hadoop3,cpu0
1546766990000,0,100.0,hadoop2,cpu0
1546766990000,1,100.0,hadoop3,cpu0
1546766995000,0,55.487804878,hadoop2,cpu0
1546766995000,1,100.0,hadoop3,cpu0
1546767000000,0,100.0,hadoop2,cpu0
1546767000000,1,100.0,hadoop3,cpu0
1546767005000,0,81.1475409836,hadoop2,cpu0
1546767005000,1,100.0,hadoop3,cpu0
1546767010000,0,100.0,hadoop2,cpu0
1546767010000,1,100.0,hadoop3,cpu0
1546767015000,0,100.0,hadoop2,cpu0
1546767015000,1,100.0,hadoop3,cpu0
1546767020000,0,100.0,hadoop2,cpu0
1546767020000,1,100.0,hadoop3,cpu0
1546767025000,0,100.0,hadoop2,cpu0
1546767025000,1,100.0,hadoop3,cpu0
1546767030000,0,100.0,hadoop2,cpu0
1546767030000,1,100.0,hadoop3,cpu0
1546767035000,0,100.0,hadoop2,cpu0
1546767035000,1,100.0,hadoop3,cpu0
1546767040000,0,100.0,hadoop2,cpu0
1546767040000,1,100.0,hadoop3,cpu0
1546767045000,0,100.0,hadoop2,cpu0
1546767045000,1,100.0,hadoop3,cpu0
1546767050000,0,100.0,hadoop2,cpu0
1546767050000,1,100.0,hadoop3,cpu0
1546767055000,0,100.0,hadoop2,cpu0
1546767055000,1,100.0,hadoop3,cpu0
1546767060000,0,100.0,hadoop2,cpu0
1546767060000,1,100.0,hadoop3,cpu0
1546767065000,0,100.0,hadoop2,cpu0
1546767065000,1,100.0,hadoop3,cpu0
1546767070000,0,100.0,hadoop2,cpu0
1546767070000,1,100.0,hadoop3,cpu0
1546767075000,0,100.0,hadoop2,cpu0
1546767075000,1,100.0,hadoop3,cpu0
1546767080000,0,100.0,hadoop2,cpu0
1546767080000,1,99.797979798,hadoop3,cpu0
1546767085000,0,100.0,hadoop2,cpu0
1546767085000,1,100.0,hadoop3,cpu0
1546767090000,0,100.0,hadoop2,cpu0
1546767090000,1,100.0,hadoop3,cpu0
1546767095000,0,100.0,hadoop2,cpu0
1546767095000,1,100.0,hadoop3,cpu0
1546767100000,0,100.0,hadoop2,cpu0
1546767100000,1,100.0,hadoop3,cpu0
1546767105000,0,100.0,hadoop2,cpu0
1546767110000,0,100.0,hadoop2,cpu0
1546767105000,1,100.0,hadoop3,cpu0
1546767115000,0,100.0,hadoop2,cpu0
1546767115000,1,100.0,hadoop3,cpu0
1546767120000,0,100.0,hadoop2,cpu0
1546767120000,1,100.0,hadoop3,cpu0
1546767125000,0,100.0,hadoop2,cpu0
1546767125000,1,100.0,hadoop3,cpu0
1546767130000,0,100.0,hadoop2,cpu0
1546767130000,1,100.0,hadoop3,cpu0
1546767135000,0,100.0,hadoop2,cpu0
1546767135000,1,100.0,hadoop3,cpu0
1546767140000,0,100.0,hadoop2,cpu0
1546767140000,1,100.0,hadoop3,cpu0
1546767145000,0,100.0,hadoop2,cpu0
1546767145000,1,100.0,hadoop3,cpu0
1546767150000,0,100.0,hadoop2,cpu0
1546767150000,1,100.0,hadoop3,cpu0
1546767155000,0,100.0,hadoop2,cpu0
1546767155000,1,100.0,hadoop3,cpu0
1546767160000,0,100.0,hadoop2,cpu0
1546767160000,1,100.0,hadoop3,cpu0
1546767165000,0,100.0,hadoop2,cpu0
1546767165000,1,100.0,hadoop3,cpu0
1546767170000,0,100.0,hadoop2,cpu0
1546767170000,1,100.0,hadoop3,cpu0
1546767175000,0,100.0,hadoop2,cpu0
1546767175000,1,100.0,hadoop3,cpu0
1546767180000,0,99.7983870968,hadoop2,cpu0
1546767180000,1,100.0,hadoop3,cpu0
1546767185000,0,94.422310757,hadoop2,cpu0
1546767185000,1,100.0,hadoop3,cpu0
1546767190000,0,92.1686746988,hadoop2,cpu0
1546767190000,1,100.0,hadoop3,cpu0
1546767195000,0,100.0,hadoop2,cpu0
1546767195000,1,100.0,hadoop3,cpu0
1546767200000,0,100.0,hadoop2,cpu0
1546767200000,1,100.0,hadoop3,cpu0
1546767205000,0,99.8257839721,hadoop2,cpu0
1546767205000,1,100.0,hadoop3,cpu0
1546767210000,0,100.0,hadoop2,cpu0
1546767210000,1,100.0,hadoop3,cpu0
1546767215000,0,100.0,hadoop2,cpu0
1546767215000,1,100.0,hadoop3,cpu0
1546767220000,0,100.0,hadoop2,cpu0
1546767220000,1,100.0,hadoop3,cpu0
1546767225000,0,100.0,hadoop2,cpu0
1546767225000,1,100.0,hadoop3,cpu0
1546767230000,0,100.0,hadoop2,cpu0
1546767230000,1,91.1468812877,hadoop3,cpu0
1546767235000,0,100.0,hadoop2,cpu0
1546767235000,1,100.0,hadoop3,cpu0
1546767240000,0,100.0,hadoop2,cpu0
1546767240000,1,100.0,hadoop3,cpu0
1546767245000,0,99.6007984032,hadoop2,cpu0
1546767245000,1,100.0,hadoop3,cpu0
1546767250000,0,100.0,hadoop2,cpu0
1546767250000,1,100.0,hadoop3,cpu0
1546767255000,0,100.0,hadoop2,cpu0
1546767255000,1,100.0,hadoop3,cpu0
1546767260000,0,100.0,hadoop2,cpu0
1546767260000,1,100.0,hadoop3,cpu0
1546767265000,0,100.0,hadoop2,cpu0
1546767265000,1,100.0,hadoop3,cpu0
1546767270000,0,100.0,hadoop2,cpu0
1546767270000,1,100.0,hadoop3,cpu0
1546767275000,0,100.0,hadoop2,cpu0
1546767275000,1,100.0,hadoop3,cpu0
1546767280000,0,100.0,hadoop2,cpu0
1546767280000,1,100.0,hadoop3,cpu0
1546767285000,0,32.6612903226,hadoop2,cpu0
1546767285000,1,100.0,hadoop3,cpu0
1546767290000,0,2.22222222222,hadoop2,cpu0
1546767290000,1,93.8775510204,hadoop3,cpu0
1546767295000,0,14.6881287726,hadoop2,cpu0
1546767295000,1,74.3902439024,hadoop3,cpu0
1546767300000,0,7.47474747475,hadoop2,cpu0
1546767300000,1,99.3865030675,hadoop3,cpu0
1546767305000,0,2.41935483871,hadoop2,cpu0
1546767305000,1,99.8,hadoop3,cpu0
1546767310000,0,51.724137931,hadoop2,cpu0
1546767310000,1,86.9477911647,hadoop3,cpu0
1546767315000,0,100.0,hadoop2,cpu0
1546767315000,1,100.0,hadoop3,cpu0
1546767320000,0,100.0,hadoop2,cpu0
1546767320000,1,100.0,hadoop3,cpu0
1546767325000,0,100.0,hadoop2,cpu0
1546767325000,1,100.0,hadoop3,cpu0
1546767330000,0,100.0,hadoop2,cpu0
1546767330000,1,100.0,hadoop3,cpu0
1546767335000,0,100.0,hadoop2,cpu0
1546767335000,1,100.0,hadoop3,cpu0
1546767340000,1,100.0,hadoop3,cpu0
1546767345000,1,100.0,hadoop3,cpu0
1546767340000,0,100.0,hadoop2,cpu0
1546767345000,1,100.0,hadoop3,cpu0
1546767350000,0,100.0,hadoop2,cpu0
1546767350000,1,100.0,hadoop3,cpu0
1546767355000,0,100.0,hadoop2,cpu0
1546767355000,1,100.0,hadoop3,cpu0
1546767360000,0,100.0,hadoop2,cpu0
1546767360000,1,100.0,hadoop3,cpu0
1546767365000,0,100.0,hadoop2,cpu0
1546767365000,1,100.0,hadoop3,cpu0
1546767370000,0,100.0,hadoop2,cpu0
1546767370000,1,100.0,hadoop3,cpu0
1546767375000,0,100.0,hadoop2,cpu0
1546767375000,1,100.0,hadoop3,cpu0
1546767380000,0,100.0,hadoop2,cpu0
1546767380000,1,100.0,hadoop3,cpu0
1546767385000,0,100.0,hadoop2,cpu0
1546767385000,1,100.0,hadoop3,cpu0
1546767390000,0,100.0,hadoop2,cpu0
1546767390000,1,100.0,hadoop3,cpu0
1546767395000,0,100.0,hadoop2,cpu0
1546767395000,1,100.0,hadoop3,cpu0
1546767400000,0,100.0,hadoop2,cpu0
1546767400000,1,99.8003992016,hadoop3,cpu0
1546767405000,0,100.0,hadoop2,cpu0
1546767405000,1,100.0,hadoop3,cpu0
1546767410000,0,100.0,hadoop2,cpu0
1546767410000,1,100.0,hadoop3,cpu0
1546767415000,0,100.0,hadoop2,cpu0
1546767415000,1,80.404040404,hadoop3,cpu0
1546767420000,0,100.0,hadoop2,cpu0
1546767420000,1,100.0,hadoop3,cpu0
1546767425000,0,100.0,hadoop2,cpu0
1546767425000,1,100.0,hadoop3,cpu0
1546767430000,0,100.0,hadoop2,cpu0
1546767430000,1,100.0,hadoop3,cpu0
1546767435000,0,100.0,hadoop2,cpu0
1546767435000,1,100.0,hadoop3,cpu0
1546767440000,0,100.0,hadoop2,cpu0
1546767440000,1,44.2857142857,hadoop3,cpu0
1546767445000,0,100.0,hadoop2,cpu0
1546767445000,1,16.3967611336,hadoop3,cpu0
1546767450000,0,100.0,hadoop2,cpu0
1546767450000,1,9.33062880325,hadoop3,cpu0
1546767455000,0,100.0,hadoop2,cpu0
1546767455000,1,36.8635437882,hadoop3,cpu0
1546767460000,0,100.0,hadoop2,cpu0
1546767460000,1,30.101010101,hadoop3,cpu0
1546767465000,0,100.0,hadoop2,cpu0
1546767465000,1,11.8609406953,hadoop3,cpu0
1546767470000,0,100.0,hadoop2,cpu0
1546767470000,1,55.2845528455,hadoop3,cpu0
1546767475000,0,100.0,hadoop2,cpu0
1546767475000,1,9.1649694501,hadoop3,cpu0
1546767480000,0,100.0,hadoop2,cpu0
1546767480000,1,20.1219512195,hadoop3,cpu0
1546767485000,0,100.0,hadoop2,cpu0
1546767485000,1,15.4786150713,hadoop3,cpu0
1546767490000,0,100.0,hadoop2,cpu0
1546767490000,1,19.6356275304,hadoop3,cpu0
1546767495000,0,100.0,hadoop2,cpu0
1546767495000,1,81.6532258065,hadoop3,cpu0
1546767500000,0,100.0,hadoop2,cpu0
1546767500000,1,100.0,hadoop3,cpu0
1546767505000,0,100.0,hadoop2,cpu0
1546767505000,1,100.0,hadoop3,cpu0
1546767510000,0,100.0,hadoop2,cpu0
1546767510000,1,100.0,hadoop3,cpu0
1546767515000,0,100.0,hadoop2,cpu0
1546767515000,1,100.0,hadoop3,cpu0
1546767520000,0,100.0,hadoop2,cpu0
1546767520000,1,100.0,hadoop3,cpu0
1546767525000,0,100.0,hadoop2,cpu0
1546767525000,1,100.0,hadoop3,cpu0
1546767530000,0,100.0,hadoop2,cpu0
1546767530000,1,100.0,hadoop3,cpu0
1546767535000,0,100.0,hadoop2,cpu0
1546767535000,1,100.0,hadoop3,cpu0
1546767540000,0,100.0,hadoop2,cpu0
1546767540000,1,100.0,hadoop3,cpu0
1546767545000,0,100.0,hadoop2,cpu0
1546767545000,1,92.1843687375,hadoop3,cpu0
1546767550000,0,80.9619238477,hadoop2,cpu0
1546767550000,1,30.3462321792,hadoop3,cpu0</pre>
    <pre id="csv_cpu_overall" style="display: none">x,idle,user,system,iowait,others
1546766865000,65.2168767141,26.1096872143,2.01694527883,6.65649079274,0.0
1546766870000,56.2112127481,35.4715479346,3.30721927726,4.90981963928,0.100200400802
1546766875000,4.0,81.6,9.1,5.3,0.0
1546766880000,0.0,94.8051896208,5.19481037924,0.0,0.0
1546766885000,0.0,95.29498998,4.70501002004,0.0,0.0
1546766890000,0.0,94.8157469921,4.9848510151,0.0,0.199401992827
1546766895000,0.0,97.0,3.0,0.0,0.0
1546766900000,0.0,17.7033492823,19.3779904306,53.4688995215,9.44976076555
1546766905000,0.0,21.0288000842,14.1587554035,62.6392300612,2.17321445106
1546766910000,0.0,37.6299376299,30.3534303534,30.3534303534,1.6632016632
1546766915000,0.0,29.5631610679,24.9903418969,41.715542522,3.73095451326
1546766920000,0.0,29.0665582415,22.6164954043,46.9135802469,1.40336610729
1546766925000,0.0,39.9451097804,44.435926534,13.5080645161,2.1108991694
1546766930000,0.0,52.6937381867,17.1318822023,28.2568136089,1.91756600207
1546766935000,0.0,44.5217744726,25.6734352239,28.4999718312,1.30481847229
1546766940000,0.0,29.7855508495,44.4708144686,20.6300813008,5.11355338104
1546766945000,0.0,26.639593325,19.2838019841,53.368906445,0.707698245845
1546766950000,0.0,26.3554027847,24.768313272,48.3772819473,0.499001996008
1546766955000,0.0,23.2227642276,27.4243902439,45.4268292683,3.92601626016
1546766960000,0.0,32.3605220563,21.9806585121,43.4279918864,2.23082754523
1546766965000,0.0,49.6581162325,37.1200400802,10.8216432866,2.4002004008
1546766970000,0.0,31.1231112537,17.9722594948,50.7132022636,0.191426987924
1546766975000,0.0,19.3456726621,8.42818742948,71.7163337094,0.509806198978
1546766980000,0.0,35.4068044609,14.0839470955,48.150721145,2.35852729859
1546766985000,0.0,16.0344182566,10.3049008605,71.5039281706,2.15675271231
1546766990000,0.0,7.65202211231,9.38546905524,82.8604680161,0.102040816327
1546766995000,22.256097561,24.3583451931,9.97407207472,41.0761315863,2.33535358492
1546767000000,0.0,34.8868945168,12.7952626834,52.2174411933,0.100401606426
1546767005000,9.4262295082,15.4829734773,10.7023857124,64.081034253,0.30737704918
1546767010000,0.0,20.0897936971,9.44008806214,70.2668662082,0.20325203252
1546767015000,0.0,9.55119642474,4.36723890565,86.0815646696,0.0
1546767020000,0.0,10.9732994743,6.041085221,82.885011683,0.10060362173
1546767025000,0.0,9.6361574933,5.07318078747,85.2906617192,0.0
1546767030000,0.0,11.8529863432,5.26746926608,82.6769099375,0.202634453195
1546767035000,0.0,8.71068194155,4.35044343138,86.8374547488,0.101419878296
1546767040000,0.0,14.8,7.00851926978,78.0914807302,0.1
1546767045000,0.0,3.86841190204,2.74742105873,93.2823340453,0.10183299389
1546767050000,0.0,4.96392496392,3.34879406308,91.687280973,0.0
1546767055000,0.0,4.36775042845,3.66028331802,91.6662527011,0.305713552404
1546767060000,0.0,8.39790601978,2.45154974447,89.0480852194,0.102459016393
1546767065000,0.0,4.814329329,2.45403862746,92.7316320435,0.0
1546767070000,0.0,21.2668587467,2.75349179934,75.979649454,0.0
1546767075000,0.0,27.4747474747,2.52525252525,70.0,0.0
1546767080000,0.10101010101,21.7175814945,2.62913106726,75.4512672363,0.10101010101
1546767085000,0.0,21.994900138,3.04883056304,74.956269299,0.0
1546767090000,0.0,26.4110874927,3.32519309405,70.1629129616,0.100806451613
1546767095000,0.0,26.5182186235,2.73279352227,70.7489878543,0.0
1546767100000,0.0,32.5608911698,3.62984685565,63.8092619746,0.0
1546767105000,0.0,0.0,1.41987829615,98.5801217039,0.0
1546767110000,0.0,0.401606425703,0.602409638554,98.9959839357,0.0
1546767105000,0.0,20.3938115331,10.4078762307,67.5105485232,1.68776371308
1546767115000,0.0,1.08342995623,2.99416084318,94.3712199555,1.55118924509
1546767120000,0.0,6.1195745904,11.9344639264,81.2316757689,0.714285714286
1546767125000,0.0,2.60060362173,8.53454057679,86.3648558015,2.5
1546767130000,0.0,17.3060663707,16.4955368031,65.7935385266,0.404858299595
1546767135000,0.0,19.2697768763,14.9068818295,63.7949437283,2.02839756592
1546767140000,0.0,14.7038458092,7.09531839325,77.5923165278,0.608519269777
1546767145000,0.0,5.19102394407,2.64519909682,92.1637769591,0.0
1546767150000,0.0,2.95487208968,2.2377119862,94.7053751078,0.102040816327
1546767155000,0.0,16.3884575569,11.6142598344,71.2719979296,0.725284679089
1546767160000,0.0,23.8267725947,8.99883456352,66.8638232293,0.310569612418
1546767165000,0.0,13.4015974387,6.44926078648,79.7395152369,0.409626537933
1546767170000,0.0,60.8228652427,11.4656141551,27.4109193998,0.300601202405
1546767175000,0.0,76.8191919192,7.62525252525,15.5555555556,0.0
1546767180000,0.100806451613,81.199496169,8.11602601249,10.3830645161,0.200606850815
1546767185000,2.78884462151,64.9785165174,7.40659094006,24.7264463274,0.0996015936255
1546767190000,3.9156626506,83.8563836183,5.80285212707,6.3246999976,0.100401606426
1546767195000,0.0,81.7846774194,7.53064516129,10.5846774194,0.1
1546767200000,0.0,48.4557080782,7.60418724077,43.8376456646,0.102459016393
1546767205000,0.0871080139373,26.5865082538,9.63221854115,63.3303821329,0.363783058205
1546767210000,0.0,30.1349544323,12.3643769672,56.6901191137,0.810549486721
1546767215000,0.0,90.2099800399,9.59021956088,0.0,0.199800399202
1546767220000,0.0,87.2925491702,9.50183800735,2.90581162325,0.299801199205
1546767225000,0.0,73.8445411901,14.664728184,10.8870967742,0.60363385169
1546767230000,4.42655935614,78.7915871985,11.4506679355,5.03018108652,0.301004423334
1546767235000,0.0,90.3128967098,9.38829850937,0.0,0.298804780876
1546767240000,0.0,88.7125748503,10.6882235529,0.0,0.599201596806
1546767245000,0.199600798403,89.2149700599,9.2880239521,1.19760479042,0.0998003992016
1546767250000,0.0,92.6003704015,7.20002880012,0.0,0.199600798403
1546767255000,0.0,93.9165493714,5.98365022942,0.0,0.0998003992016
1546767260000,0.0,94.7161453984,5.28385460155,0.0,0.0
1546767265000,0.0,93.8,6.0,0.0,0.2
1546767270000,0.0,94.5047904192,5.39540918164,0.0,0.0998003992016
1546767275000,0.0,91.8985675943,7.80163120652,0.0,0.299801199205
1546767280000,0.0,92.2235210853,7.37767492903,0.0,0.398803985654
1546767285000,33.6693548387,63.5241935484,2.8064516129,0.0,0.0
1546767290000,51.9501133787,15.9163059163,4.48670377242,27.5448361163,0.102040816327
1546767295000,55.4608136625,2.94510968249,2.13005676334,39.161186632,0.302833259721
1546767300000,46.5693747289,15.0281960711,2.86174629733,35.5406829026,0.0
1546767305000,48.8903225806,42.4008064516,3.30161290323,5.30725806452,0.1
1546767310000,30.6640354522,37.7835887159,5.13270119016,26.4196746418,0.0
1546767315000,0.0,87.9396585315,10.665322741,1.09561752988,0.299401197605
1546767320000,0.0,94.4,5.5,0.0,0.1
1546767325000,0.0,94.2171434024,5.68325500394,0.0,0.0996015936255
1546767330000,0.0,93.4,6.4,0.0,0.2
1546767335000,0.0,63.8158377123,12.8168153489,19.7959183673,3.57142857143
1546767340000,0.0,54.3259557344,24.7484909457,18.9134808853,2.01207243461
1546767345000,0.0,57.4297188755,22.0883534137,19.8795180723,0.602409638554
1546767340000,0.0,72.2375690608,22.7900552486,2.34806629834,2.62430939227
1546767345000,0.0,67.3387096774,13.1048387097,19.3548387097,0.201612903226
1546767350000,0.0,49.3557976884,10.4250385171,37.0689655172,3.15019827719
1546767355000,0.0,43.042662109,7.88197731846,47.4355191055,1.63984146696
1546767360000,0.0,44.1890512871,9.75582658503,42.7764336033,3.27868852459
1546767365000,0.0,48.8042510021,13.6992543838,32.0247933884,5.47170122565
1546767370000,0.0,33.3284159454,19.058975872,43.1517178075,4.46089037503
1546767375000,0.0,11.6293279022,7.54146057608,79.1992601521,1.62995136955
1546767380000,0.0,18.0431020922,12.9153109295,67.816662941,1.22492403732
1546767385000,0.0,5.67295349067,2.63487047826,91.3885323064,0.303643724696
1546767390000,0.0,7.96878260507,8.67743416385,81.5170485372,1.83673469388
1546767395000,0.0,17.72796188,16.6862431482,63.4269672281,2.15882774362
1546767400000,0.0998003992016,53.4358113042,18.7259627087,25.3012268147,2.43719877319
1546767405000,0.0,52.4721311475,12.2016393443,32.5598360656,2.76639344262
1546767410000,0.0,45.8276655007,16.5193030185,37.1494040679,0.503627412877
1546767415000,9.79797979798,46.15922539,13.019544558,30.8260115952,0.197238658777
1546767420000,0.0,51.9949958096,9.56848979526,38.1338742394,0.302640155794
1546767425000,0.0,30.7513454628,6.64032648814,62.5071134741,0.101214574899
1546767430000,0.0,65.3198632915,10.1344594513,24.245472837,0.300204420134
1546767435000,0.0,51.2429376206,4.54111508438,44.1132778905,0.102669404517
1546767440000,27.8571428571,29.5567924139,4.15378272521,38.4322820037,0.0
1546767445000,41.8016194332,25.4000976959,3.76977720375,28.9262561784,0.102249488753
1546767450000,45.3346855984,42.6038840962,3.82442549101,8.13660320796,0.100401606426
1546767455000,31.5682281059,47.0162320568,5.83284695664,15.4808598868,0.10183299389
1546767460000,34.9494949495,15.8585858586,7.47474747475,39.696969697,2.0202020202
1546767465000,44.0695296524,12.4806044258,3.93083637695,39.1299244866,0.389105058366
1546767470000,22.3577235772,35.0153978813,11.8415865977,30.4810298103,0.30426213353
1546767475000,45.4175152749,47.5568228106,6.51649694501,0.50916496945,0.0
1546767480000,39.9390243902,51.2925368775,5.21335378024,3.45528455285,0.0998003992016
1546767485000,42.2606924644,49.3788187373,6.22566191446,1.93482688391,0.2
1546767490000,40.1821862348,49.4685226705,5.79786118683,4.25101214575,0.30041776215
1546767495000,9.17338709677,72.8045245498,8.84910610183,8.97177419355,0.201208058039
1546767500000,0.0,75.1750503018,10.138028169,14.2857142857,0.401207243461
1546767505000,0.0,92.1999687999,7.80003120012,0.0,0.0
1546767510000,0.0,94.9101796407,4.99001996008,0.0,0.0998003992016
1546767515000,0.0,95.0099800399,4.89021956088,0.0,0.0998003992016
1546767520000,0.0,94.1945891784,5.60541082164,0.0,0.2
1546767525000,0.0,93.1137724551,6.3872255489,0.0,0.499001996008
1546767530000,0.0,90.9097804391,8.89061876248,0.0,0.199600798403
1546767535000,0.0,92.6147704591,6.98602794411,0.0,0.399201596806
1546767540000,0.0,93.7063872255,6.09361277445,0.0,0.2
1546767545000,3.90781563126,87.4791583166,5.60721442886,2.90581162325,0.1
1546767550000,44.3459219865,35.5182870833,4.74533588562,14.9880208482,0.402434196295</pre>
    <pre id="csv_network_heatmap" style="display: none">x,y,value,hostname,adapterid
1546766865000,0,73600.0,hadoop2,ens33.recv
1546766865000,1,58490.0,hadoop2,ens33.send
1546766865000,2,75123.2,hadoop3,ens33.recv
1546766865000,3,23556.8,hadoop3,ens33.send
1546766870000,0,19928.8,hadoop2,ens33.recv
1546766870000,1,1285.6,hadoop2,ens33.send
1546766870000,2,2635.2,hadoop3,ens33.recv
1546766870000,3,30361.0,hadoop3,ens33.send
1546766875000,0,4336.8,hadoop2,ens33.recv
1546766875000,1,2163.2,hadoop2,ens33.send
1546766875000,2,1129.0,hadoop3,ens33.recv
1546766875000,3,2416.0,hadoop3,ens33.send
1546766880000,0,334.6,hadoop2,ens33.recv
1546766880000,1,1327.6,hadoop2,ens33.send
1546766880000,2,1377.2,hadoop3,ens33.recv
1546766880000,3,2501.2,hadoop3,ens33.send
1546766885000,0,549.6,hadoop2,ens33.recv
1546766885000,1,1350.4,hadoop2,ens33.send
1546766885000,2,1209.8,hadoop3,ens33.recv
1546766885000,3,2394.4,hadoop3,ens33.send
1546766890000,0,1899.6,hadoop2,ens33.recv
1546766890000,1,3140.8,hadoop2,ens33.send
1546766890000,2,5002.4,hadoop3,ens33.recv
1546766890000,3,5109.8,hadoop3,ens33.send
1546766895000,0,286.6,hadoop2,ens33.recv
1546766895000,1,1279.8,hadoop2,ens33.send
1546766900000,2,3244.6,hadoop3,ens33.recv
1546766900000,3,3897.4,hadoop3,ens33.send
1546766905000,0,5163.8,hadoop2,ens33.recv
1546766905000,1,5306.0,hadoop2,ens33.send
1546766905000,2,1260.8,hadoop3,ens33.recv
1546766905000,3,2540.4,hadoop3,ens33.send
1546766910000,2,835.8,hadoop3,ens33.recv
1546766910000,3,1849.4,hadoop3,ens33.send
1546766915000,0,885.2,hadoop2,ens33.recv
1546766915000,1,1381.4,hadoop2,ens33.send
1546766915000,2,885.2,hadoop3,ens33.recv
1546766915000,3,2136.8,hadoop3,ens33.send
1546766920000,0,345.6,hadoop2,ens33.recv
1546766920000,1,949.0,hadoop2,ens33.send
1546766920000,2,597.2,hadoop3,ens33.recv
1546766920000,3,1202.8,hadoop3,ens33.send
1546766925000,0,193.0,hadoop2,ens33.recv
1546766925000,1,609.6,hadoop2,ens33.send
1546766925000,2,741.2,hadoop3,ens33.recv
1546766925000,3,1753.8,hadoop3,ens33.send
1546766930000,0,270.8,hadoop2,ens33.recv
1546766930000,1,770.8,hadoop2,ens33.send
1546766930000,2,594.6,hadoop3,ens33.recv
1546766930000,3,1350.6,hadoop3,ens33.send
1546766935000,0,287.4,hadoop2,ens33.recv
1546766935000,1,865.6,hadoop2,ens33.send
1546766935000,2,633.6,hadoop3,ens33.recv
1546766935000,3,1475.4,hadoop3,ens33.send
1546766940000,0,346.4,hadoop2,ens33.recv
1546766940000,1,1126.4,hadoop2,ens33.send
1546766940000,2,1455.4,hadoop3,ens33.recv
1546766940000,3,2348.0,hadoop3,ens33.send
1546766945000,0,193.6,hadoop2,ens33.recv
